7899
5430 966
3728 4060
2791 5102
1918 2685
1028 2318
4764 6151
4811 2260
3137 1140
4593 1183
5506 2718
7083 5292
4583 6963
1790 7564
1447 5018
2416 613
878 5489
4138 268
4188 7299
6950 7514
7234 3056
7065 858
5875 7319
5075 1670
4189 968
2082 3234
4153 2226
6382 2889
1387 2950
3888 603
1798 7872
6385 4223
2568 2848
1180 2064
2803 1140
2824 7094
127 2390
1833 332
6430 3499
3028 739
4882 7442
321 5251
2161 4356
1158 4149
3522 4034
930 6894
3033 3739
156 7177
5334 7863
1521 3094
3031 2770
2449 3798
2674 3498
1061 6323
1121 3692
7167 1305
1891 7124
268 4837
6896 156
1655 1035
2174 1696
1586 4742
5643 3916
6177 6946
7303 6952
4242 5577
5085 5660
7816 1125
7336 2526
2638 6874
3324 1708
5686 4495
4898 1433
7384 6760
666 415
5007 3330
6281 1577
4641 7762
2067 168
5905 4890
3694 6162
4920 4687
2369 2917
6914 1477
5766 1674
4427 952
3294 5306
4969 1877
7590 2132
3766 589
4806 680
2762 6711
1401 3467
2159 7791
2440 442
1265 2298
3979 2740
4562 1752
1811 4600
2221 5392
3773 1202
2536 4762
1513 4618
3770 3829
3128 5351
60 432
3843 7479
7352 4134
6590 3441
6498 921
1357 7796
1313 235
1462 5153
6149 5351
4724 793
2328 1218
4814 1266
5337 206
2596 5225
7147 4569
2438 5055
7784 5659
146 3467
6443 5625
4701 4467
3570 6952
6336 4453
7575 7769
4063 5354
3403 5754
577 4449
3944 6028
5634 4123
487 6290
6708 5271
1059 6464
994 6175
2896 291
3707 6483
966 1863
7185 5198
1775 2802
991 3292
2714 3055
6705 5650
5281 6685
4230 905
6792 2645
152 6556
7712 1755
4943 4619
1411 2691
5164 7276
4185 199
3508 5008
3945 5752
1112 845
2072 1998
952 2264
6739 3437
7387 7328
1015 221
923 3282
4697 3528
7657 6672
2490 6656
3124 7337
1057 5556
360 7681
2359 6729
5990 4363
3898 1899
5332 4721
7556 5795
1159 3519
5231 1620
5413 7720
3267 2982
57 1030
325 2261
3853 1165
7366 591
620 618
3088 6766
7735 7012
6302 4585
4795 3742
813 3507
4815 4464
6424 1790
2207 7804
5956 3210
754 3238
2057 6977
7243 5020
4968 3107
371 5061
7816 2434
1329 3628
2183 4758
7866 1464
4975 5560
5823 6252
6040 3020
5901 7752
7080 133
851 3880
6734 7643
1789 5677
7452 1544
2340 6784
4546 7671
3448 4343
1593 4579
2800 4629
2167 4843
4035 362
1382 2934
5611 5549
670 1328
841 1761
6878 2512
3535 6056
4541 7533
6495 1884
1178 3953
7891 2824
6821 6057
3193 6948
6886 6180
4264 7010
5716 6496
5164 6758
3323 4717
1246 7784
2589 1256
6592 1629
547 5160
7713 1681
6318 1175
2668 7196
2686 525
5116 7762
5063 1378
6802 1259
536 6692
5014 3515
548 6621
4508 4365
5814 4625
7232 4290
4465 1796
3226 3323
883 3807
5368 5353
7208 2503
5142 2662
3081 2095
2711 5312
1419 1835
988 7549
6227 295
5261 1282
6575 385
171 1531
7827 4701
5308 5234
7106 5408
763 4644
5543 1695
641 6880
2547 7852
5999 4704
3140 2364
7251 5741
7445 2391
7492 2207
2156 3325
1053 4609
2785 3310
6130 5631
3221 6122
3218 1918
6634 277
4579 5806
408 2283
684 7039
4568 2812
6308 5914
1022 4579
2532 2673
4488 7244
2163 7154
2603 2786
6427 536
2993 6506
4389 3713
2062 303
2414 2567
1558 4472
2302 5130
3670 2396
5538 4334
2048 4964
5182 3278
4538 2072
1253 3364
7621 2875
1640 2112
7143 4533
6058 3645
5077 3684
611 4236
5167 4784
6323 2320
448 3378
2583 7249
661 1287
7855 7537
220 4668
1130 2467
4717 5135
7401 3390
7418 3926
3090 7231
4477 4455
1825 2294
1666 4457
6572 3762
1818 548
5281 5845
5245 1463
1401 5315
995 429
5770 6318
1811 1855
7199 3530
5269 3028
585 4080
7269 5981
5929 430
2089 7250
3568 6060
5156 7447
3727 3304
1424 2543
7629 5320
3824 425
7176 4626
4534 3221
3923 7544
7202 3592
1344 5636
282 7327
6165 2806
2932 6001
179 6760
5602 4044
5403 791
3907 2092
2016 6384
35 3725
5418 7208
1160 4545
7153 1899
579 5686
6441 7554
2219 5857
114 6530
7798 1831
7061 1948
234 4146
3254 5134
1887 3914
5186 5157
5084 753
2437 7821
3085 2548
1927 5398
4348 5249
4465 7755
10 6391
3136 3158
2788 6178
4633 2481
6152 4702
7670 6594
5079 7193
1360 5112
6552 6977
18 2166
2099 5364
6708 308
2752 2189
1093 5676
715 3511
3200 489
4630 2557
3340 4403
6634 5915
4697 7681
597 6130
1918 4663
6554 245
2333 723
7507 5243
5959 1529
2024 1537
5758 1437
3059 6444
6974 5904
6288 1022
1562 2584
59 7627
4831 7279
4858 7549
5531 6310
3916 5708
4783 7471
4106 6542
3760 919
6664 5227
3402 2987
4686 2516
6476 3711
4722 2326
4675 1650
1106 4235
3174 5232
2590 1979
7597 6346
393 3931
5244 6527
5130 2064
4020 6736
4128 271
4509 750
3011 6079
6191 4639
1281 1411
1750 2392
5231 6065
6041 5947
436 2440
5316 284
5893 7404
1634 4964
7116 2336
6548 3431
3026 2922
6260 633
1542 1874
7229 1255
436 1102
7758 1914
5081 218
2018 2877
7565 770
2797 6928
7819 1874
4992 6250
298 2274
7542 5718
152 5745
4838 3435
7155 2264
15 126
556 5304
2022 6794
7608 7497
4017 7811
1702 3535
2223 4472
6530 2672
2972 676
5260 3591
728 6465
1745 293
4794 4624
1094 1966
1394 2288
6658 485
7630 3650
1665 5545
1324 2455
1262 5176
5744 3982
2378 4728
5835 6853
7011 3148
880 2544
4751 1176
7354 6386
2810 5061
5366 7837
1329 1310
7384 4125
335 4108
6563 4495
995 7215
5572 2759
2885 6079
6115 3466
3070 6980
7899 3037
4435 3097
2610 7003
6598 7671
1927 5400
2722 4372
7160 3936
1263 1340
753 2426
3220 2837
2072 2011
4315 4002
6495 5915
3813 98
2759 6424
3100 7363
3261 4624
3284 257
2198 7716
3679 3209
1344 2916
346 6801
346 3323
5414 4020
7271 5112
2186 5825
71 5118
3078 1917
756 80
4076 29
466 1545
6093 176
5390 6447
3872 2987
7321 4827
1995 6595
7865 5746
1632 4299
4781 3144
1940 5281
3759 7069
5400 7391
6781 7748
2408 4951
829 5321
6625 2992
1421 887
7251 7246
699 5644
5049 45
1393 6054
2976 7096
4528 1725
4101 1823
839 5873
2051 2213
2172 1042
7777 5912
7596 5633
1590 6023
5680 6613
6833 280
3548 5782
4461 2102
2569 7898
3968 7390
4289 6071
3321 5230
6553 2916
2721 1619
3798 4015
2027 1470
2067 6129
6974 7645
4472 1011
5418 4975
27 7330
6978 7670
5149 1221
7258 7797
5159 2286
680 7195
1728 3190
1419 2520
6153 842
1476 6644
4283 2498
2429 7329
763 7825
6164 2881
936 1434
7348 2090
3906 2643
1734 2512
7889 5910
2739 5504
2887 1222
7847 841
6075 7475
6589 4403
7282 4627
5088 6884
3620 7560
7789 5108
3143 6963
6700 3946
4527 4474
2679 454
2231 6044
2266 70
3679 3704
2667 7165
7258 2720
4960 3035
67 2655
4473 3770
5232 3205
3061 6480
3748 942
3847 7538
1694 6129
3027 7732
6118 4704
3399 2185
7581 3819
6457 1462
3235 5913
208 6543
5234 7619
4269 4424
4232 7479
7515 2058
65 7492
3683 1603
6399 555
2100 468
6849 6289
6567 4588
14 6977
7063 7243
580 4980
642 3023
1622 6261
2165 435
2992 2631
7333 3740
1021 4135
5527 2712
4745 362
2386 655
4282 2364
3098 7222
6523 7774
3097 2101
668 2083
4595 113
7685 6677
5354 7220
6520 320
2056 2775
4984 7447
699 4418
2310 1159
5991 7870
7318 5530
2537 5743
92 5968
3098 4213
602 955
6508 1922
5271 3986
984 7473
3252 6101
4207 1986
3847 5782
6313 3788
4054 3906
2551 3394
4546 208
5392 2241
1227 5102
3205 7170
7804 4822
1471 1860
5473 2316
2058 5334
6590 6619
7140 4198
1048 1076
4981 684
1275 4594
5673 4254
7100 2468
249 2284
601 2121
6097 7877
6077 2307
788 2724
4804 3710
4216 5652
4507 5384
2619 5293
1877 3897
5062 302
1224 5819
6253 3312
6698 4358
3053 5955
7682 1868
5714 520
6379 5858
814 5506
2887 699
3914 5660
43 1081
7280 2341
833 6008
7030 5574
3823 2588
7241 1788
456 2128
7342 2095
7839 1578
7574 4002
5826 659
7204 4456
811 1770
6680 3735
144 6030
4220 6774
1537 5175
4108 2261
1399 6011
1302 5913
2490 1739
3352 3782
157 2637
701 7847
3502 4976
5477 249
2864 4328
179 5542
3629 3391
715 3488
4735 3471
4084 2364
2019 1400
6047 3409
2154 4480
3552 50
6529 3233
2863 3062
646 4696
1483 6061
6168 6212
3422 5128
5246 534
1374 979
2357 4476
3732 353
3850 1800
4141 4594
4383 585
2579 5731
3346 4245
2893 5600
910 4962
3286 6429
7790 2455
2129 4988
7223 7036
6122 414
7175 1595
778 5544
3156 6813
3218 3042
7252 7703
4842 4553
7260 7550
2979 6040
3983 2702
5263 319
3791 4265
3678 708
5044 2121
4711 6785
667 3931
2545 3567
5838 3287
6367 3782
5111 4449
5368 6470
6764 3859
5201 7445
1124 3595
265 1244
6610 4311
5665 3552
1296 7012
5731 2070
1860 6076
1350 5923
3890 3243
1219 2275
662 1388
3613 4330
4197 3841
4766 622
5255 5389
6056 4593
4222 218
3051 326
5966 4185
6400 758
1613 3543
167 296
2110 4389
2100 3540
3254 1044
1597 3884
1506 5642
7413 2919
947 377
5369 6047
7110 5584
2619 388
1726 7839
4991 1494
1672 4016
6990 245
6333 1342
7060 1816
2566 3301
7404 6581
5147 7089
245 5232
5375 3252
449 3604
4039 4613
3544 551
5679 2335
3153 5309
6863 4683
3627 4293
4318 7403
2279 6319
3011 5104
5373 446
2071 4418
5713 1781
1030 3825
3955 7476
2791 3942
1579 7519
5190 3870
1280 2402
485 2739
192 320
6024 4012
5090 937
2643 5767
2972 4570
2822 5076
1766 2014
6062 2928
274 4838
6960 7016
5442 1438
7246 5883
4040 5613
4017 4827
1199 1345
926 5137
632 7895
3053 721
2674 2577
7592 5002
4269 5650
500 995
7690 6641
2014 979
487 6961
4826 3060
6005 476
5819 1303
5504 1610
4501 5600
626 7765
1822 1553
2520 7730
5953 5784
2606 1781
2386 6513
195 4446
6052 6941
4144 5203
5771 924
3083 1072
6104 2992
7205 7548
744 6374
2 4952
5038 6367
1642 3500
743 5024
3188 375
1960 1409
7190 1188
1916 3938
7895 6007
425 1597
1169 1292
5379 3941
1484 4445
2808 5954
4166 3541
7642 3930
1183 461
4696 468
6334 5106
954 6349
7660 4795
5544 4683
7328 4752
2273 7182
5537 7034
7035 4128
4763 5310
1376 7750
2576 2772
3171 4241
2450 856
846 7798
6616 5582
7448 5975
5822 4650
3770 6002
5030 133
5600 7655
1225 7286
6011 2890
5899 7844
4931 6479
7461 747
713 1966
1107 6192
3646 4991
3832 469
4426 4344
2423 5736
2640 4384
5354 1024
6461 1630
2897 895
903 5408
6807 7366
4523 7148
4811 2839
6173 4826
7808 719
3467 7340
3772 860
7207 304
6372 3602
5910 294
7430 1047
3181 1208
4399 3342
807 632
2594 2395
3557 5148
6145 6174
4683 3241
1770 5874
2757 2579
6467 539
4637 5031
2561 2035
4329 1604
5992 4292
7566 3875
1347 2467
4137 3548
7522 7719
5566 3467
1791 3136
6032 2194
1323 3300
4214 2276
775 5002
1321 3284
5423 2015
4239 7427
141 2604
5126 4859
3873 2294
5210 2209
6934 762
6092 7648
626 6708
5564 4946
1803 3301
2026 3111
1883 1876
3209 2117
6353 6820
6905 3765
5821 7481
4938 3007
3106 5812
2237 5222
2029 4945
2445 3117
1224 3870
2036 3515
925 7728
3954 7600
532 4037
5 3305
831 3297
927 2593
3155 3864
989 2499
4856 4520
4158 1697
2172 2302
7470 6721
1189 2705
4708 1726
5823 5516
7345 5566
1018 1246
1171 3424
4980 6842
2206 7521
4540 496
7599 7670
1372 5232
2916 2968
7377 3323
4287 266
1549 6208
1902 5845
3794 1390
6758 3960
5150 4726
3549 7559
6581 3964
3553 132
2797 154
1168 7559
1622 4637
7782 191
4145 1931
3202 6636
3079 6000
132 5857
4398 6072
3390 3923
7132 2206
2997 3526
2365 721
29 4707
466 5302
7869 516
894 1089
1197 496
2665 5296
1477 6166
2294 3956
7448 6118
4087 5618
1992 6219
1126 1180
505 386
3981 1570
6678 7139
6085 5231
6477 2821
1362 6021
7432 3080
6461 7678
2151 3487
1177 1881
5500 7851
676 5323
166 7701
7801 3057
5808 6255
7005 6236
2317 689
6910 1503
7374 2471
5309 1452
1359 2329
6639 4808
2238 7426
906 3742
5571 56
4932 4024
753 6693
5566 4519
3853 570
4523 2904
6545 6699
7075 4797
6320 611
5939 3121
5545 2974
2138 7174
3864 7364
1803 1435
4861 5530
253 4946
5095 1954
4399 6174
6013 7614
1188 7421
938 6173
1883 6659
7175 2437
2323 2206
707 161
2635 89
6035 2888
682 936
2094 2869
560 6021
5519 2548
751 3026
1070 4841
3272 7459
6993 4285
3162 1830
4558 7559
7507 4410
18 4477
4180 3782
4572 5173
2941 721
6153 2506
5105 335
5800 622
1829 1819
5465 69
7269 5905
6084 1580
3393 3830
5350 4485
7833 648
382 4973
3909 3161
5755 1475
901 5111
3930 1638
3215 7277
4105 88
1261 6909
2808 5325
5550 952
6345 5572
1668 274
2541 6813
2992 3575
2775 7486
3728 5636
1900 4527
1169 5020
4487 4974
5289 105
6891 3897
762 3831
1862 959
5449 6190
6933 5719
1419 7768
1023 2121
1607 7355
7720 7351
7337 3947
3712 1814
6678 7124
6780 7662
6634 6316
4546 7123
2528 1204
3375 1319
2654 4204
1122 6797
988 1200
1248 3929
4933 5611
6958 3951
6604 323
3599 6236
1574 4081
3659 6313
1820 5564
2318 3390
6872 5087
504 6552
7756 5611
4694 1131
961 4160
2685 5821
756 6806
6371 4403
5371 2446
1879 3995
6060 6184
3983 5412
5558 7055
1487 909
2221 6346
4352 3582
7050 5151
7119 4665
711 5177
1089 7186
146 3959
3778 2225
6781 5868
1633 125
1437 1862
1852 6157
323 328
3287 1829
36 1847
5804 5210
1241 4707
7471 2670
2884 3495
2969 4848
618 4160
4045 3081
3410 3311
2783 1994
1228 135
7882 4949
5112 1284
3480 5069
2525 2575
3031 873
765 2616
5529 6340
7492 3851
2541 2027
1480 740
907 5081
1759 4271
1449 1216
525 6175
5155 4802
1794 6109
2774 6290
516 1938
7247 499
7742 2325
7824 6668
5946 4865
472 6719
2401 4871
2665 4168
2004 5275
7714 1979
4873 5764
6258 7793
524 6661
3399 3306
143 1281
5079 241
7467 2574
6644 1393
1361 428
2403 7620
39 4026
3645 994
7272 4382
7299 1235
7287 759
4292 5358
1355 1451
7257 3969
916 7502
337 1135
1425 2453
6192 6798
7827 5159
3699 474
6825 7239
1088 295
5109 1349
4937 3332
4332 4539
5022 6378
6850 2220
4791 3904
463 4585
4904 1432
2958 1640
704 524
2292 2529
1463 163
5437 6639
3030 2512
2265 7615
7449 1038
6667 4027
1262 1744
3350 4121
2737 1574
7575 4173
7706 1223
2378 3005
1971 2066
5127 6465
961 6496
7780 5813
3394 665
6318 242
5243 4262
2897 5942
1072 5138
7755 4074
6212 1350
3747 3421
2048 4706
3244 4392
6657 1929
818 1817
2995 4042
5070 2349
1313 3699
7577 4346
798 1974
679 6509
5655 7795
1530 7470
5489 3210
7818 3230
5283 5030
6389 6199
2844 1778
1586 1260
7640 4914
4265 6768
4265 2199
5995 5467
3662 5885
6834 2796
2630 1418
1059 3687
23 6083
4102 3391
9 3671
7386 729
2232 6533
6121 4369
4569 3535
4428 5336
2929 249
54 1371
4403 5079
4574 1348
2911 1542
7766 810
1190 2605
5856 413
6984 4769
1047 4164
5025 2922
6157 723
1250 6098
69 6053
5892 6891
5962 5275
1941 2506
6560 1456
1823 7060
2625 6181
4454 3533
109 1685
1199 719
3599 7205
4158 7023
125 240
6307 3443
5826 5420
1368 3702
3695 6954
3724 3510
2269 6219
6047 5543
7320 5678
2828 4533
3570 4546
4950 7550
1633 3012
6220 5643
256 3998
2266 3754
3511 224
7443 2792
1709 1661
2151 2912
4187 6633
360 974
392 7611
46 4150
6156 1840
5564 3334
1278 6009
5024 7695
2198 6602
6535 3055
4498 1560
4300 3709
3241 1586
6714 5070
5262 1047
6125 6853
1129 4120
4686 5050
7571 5954
5967 4824
5367 5862
7275 7413
4602 803
4728 5039
7594 4569
2647 5199
7050 5978
1193 4058
1017 7141
2489 3121
2618 2057
2605 4108
2915 5655
4815 2652
6748 7882
2955 7346
2258 6469
4893 1714
5821 4979
3703 2175
5286 4030
7882 7506
2713 1345
5290 5281
1686 5012
5880 3922
5561 928
6670 7391
289 6472
4787 7660
6144 6690
168 5458
3006 1437
4691 6990
4883 808
3292 2254
4748 7495
6939 2943
6835 190
4395 6634
6326 600
1693 56
4324 1550
6861 3110
7680 110
5203 2523
4386 4422
159 114
5332 1385
7649 1752
1228 4340
1159 7091
3774 1186
1655 746
50 1224
2399 4699
7021 4342
540 5229
228 5627
3199 3608
2397 2851
2731 74
4208 2559
2846 2558
7120 2175
1382 3316
1960 3279
600 583
2120 3252
7281 5518
5690 7620
374 4793
1821 5514
7653 1807
2358 5835
1706 4691
394 4283
3573 6265
1061 796
6774 4705
6569 878
1754 6993
935 7300
4600 189
1361 6478
5823 6219
6180 1610
2476 7037
743 1536
1897 4302
2461 2010
7088 1475
3612 2913
3349 4419
23 530
7627 7813
7713 7718
7025 6285
4816 671
4590 4760
956 5325
2051 121
4436 3181
541 3186
3292 5768
1331 1398
4348 5828
282 4129
3176 2498
3819 5249
4965 557
6128 3422
565 6800
80 1035
6926 6481
2869 4316
6059 1375
7689 7225
1592 6416
3866 1963
585 7852
6687 4630
2887 5878
5702 7600
589 1079
4681 1002
3419 1148
2062 2091
562 5805
1290 2942
3183 1599
2280 608
3971 7747
4851 124
1833 7119
3976 803
2530 1503
4420 1778
1432 3360
6272 6869
4376 535
258 6000
1026 6624
5748 141
4459 1733
90 6098
2374 6573
1858 6176
1070 4957
207 307
6125 7833
4693 7835
1885 4130
1812 4700
4244 3162
5651 4978
3068 5468
200 5544
1584 501
2404 6286
5700 1375
3448 3469
3872 272
272 4626
2083 6720
5699 5021
6791 4013
390 5109
4614 1077
102 6040
4494 198
6447 5781
6849 2968
263 4674
1018 3458
636 4197
5684 5968
913 3702
1651 5783
6116 54
4982 3348
7662 1936
573 3050
6873 995
4685 3680
6538 5861
255 322
2491 4642
1105 2804
3532 2820
1716 2736
2948 719
4336 4835
887 1291
5436 3458
5031 1751
2104 7062
7297 2307
5767 3197
6577 1274
3273 7250
2673 6067
3219 6019
5944 1883
1112 96
779 4108
934 258
999 7252
3586 3192
7691 3451
854 145
6198 7150
7117 1816
5086 2028
686 4260
7497 2095
6190 5545
4272 3359
4616 4551
4341 950
6125 4975
3269 4826
7422 2895
6031 5976
5141 7418
2546 5735
4451 1000
6422 3886
5429 1396
3971 4311
2951 6447
4214 2366
2595 4176
3578 2040
7197 2813
6754 6911
5717 5670
1142 4723
6670 4088
5178 3876
2568 3064
3084 1182
1829 1649
1388 844
3103 302
4095 800
3105 3352
5736 7463
3735 1564
4602 7386
7388 6391
2084 3159
2494 5366
4955 3803
637 5437
1631 7456
2397 903
2256 2417
5261 4295
65 6840
2120 3962
5602 1186
5732 485
4201 6440
4377 6911
5699 4866
2965 2646
1320 3260
3364 6776
1613 1459
764 5275
6679 391
1316 2000
4698 583
6735 2248
4717 6008
7851 3028
6246 7064
563 2896
5851 6599
7867 7379
7200 6782
1619 1488
5192 5772
4341 1054
7123 7789
19 6221
6617 492
3166 3284
4820 1806
1843 2170
3352 7844
6987 2207
1102 4592
3386 1263
115 3537
5722 6890
1850 3398
3632 6855
7202 2456
1253 2531
3936 4960
5367 7817
5335 5970
2632 3765
7459 4629
1276 4279
1451 7428
4606 5101
4627 7005
6156 75
1991 6853
6319 977
2983 3281
5632 5724
6601 1868
7262 595
871 4541
1197 3507
3424 5593
7059 1057
7336 7790
5666 4158
5445 5649
6319 326
3174 445
7491 4039
476 1136
1482 5530
7232 1543
5660 4578
5114 7529
4989 2112
2814 3339
4966 4615
4479 7062
284 833
1423 1591
2637 6257
5226 4575
6886 4770
7323 2041
6335 4213
2933 4924
2460 2307
2740 1408
1564 3258
253 5566
2818 4482
1733 1886
1748 2757
4799 5062
5102 7036
5476 4948
4712 2468
2091 2994
6920 7819
4578 2059
4637 6198
4463 7602
7186 7690
3722 2359
658 7522
1068 2466
54 4568
1896 542
2105 6052
3664 5856
322 4929
3348 6831
1586 6420
698 5167
6932 301
2385 6550
7856 1198
2308 5898
6300 2062
6062 5203
1087 1409
3920 3493
7669 7762
4648 3159
2770 4706
7490 3916
7562 6173
1178 2376
5630 6303
4330 5741
6422 3827
258 6061
1418 3986
7755 6566
7598 3999
4017 5468
618 552
1921 2055
4212 2032
2212 831
7586 6671
3714 905
6141 2659
5917 6384
7256 6463
824 5293
148 7753
7411 1559
6776 1384
7828 7812
487 3238
359 5056
2863 2109
3129 3868
3843 7466
2058 3435
3144 4586
2544 1982
4980 6956
2166 3537
1563 260
3046 4141
2418 3916
4802 5407
7824 4434
2105 6511
3393 183
550 1175
2351 7007
2322 2195
1805 2265
2439 7602
6274 701
4837 4820
3190 877
7248 586
4145 7120
475 4507
2776 7202
725 3498
2735 1017
1529 3276
4173 128
3198 4116
5193 3091
6389 1349
3245 3045
2868 719
4000 3803
7757 3630
3816 4518
6890 148
2608 6782
6619 4197
1394 3368
5271 168
4665 7129
1494 6369
1176 2138
7026 5849
3906 3775
6979 6094
6247 6190
5333 2357
6409 5156
7195 3192
6070 7333
3058 4736
5686 7362
143 1112
2608 7701
1212 2063
4534 7352
1550 7079
1427 7286
4664 3905
7075 6153
3635 6451
1926 7759
1122 5488
3134 2175
2220 5392
1134 1414
2603 5711
3838 2372
2273 2383
5083 5189
4290 2081
5408 3383
6821 4564
656 2529
4426 900
2663 5413
3742 578
6364 5912
4253 6862
7451 4601
2828 5697
4488 3541
1470 810
3657 2491
1573 777
3703 7122
1679 3286
4297 2753
5727 3488
772 153
6994 5641
3264 3477
5223 3838
6921 1683
6801 6477
2596 7863
5527 7723
5696 887
6676 3438
2675 4432
7724 444
1418 589
1990 554
368 549
5569 5393
5305 6142
1588 221
648 7691
2778 3994
2772 3055
3186 1986
5283 3282
5361 5096
7737 1638
7242 7830
2509 4471
6894 5259
4879 2736
4053 4182
898 1239
1427 3980
6066 5892
6839 4916
3159 753
3857 3781
7031 6390
5730 6427
383 6068
6960 6698
5249 645
475 487
4805 5597
5037 7011
1879 5999
3531 1329
3287 1747
5876 143
4326 3682
1379 2055
1471 930
6096 6230
7082 7749
4051 7413
5393 2856
2556 1897
5120 8
4004 206
5380 4369
1411 5736
90 5790
3280 2336
4275 322
2425 7613
6811 4254
4505 3136
1147 1607
7736 3406
7121 1431
4017 1970
6698 5708
4921 6351
5603 2981
5679 2958
4568 7648
7438 1832
1490 5153
6799 3062
5338 3568
1684 5259
761 6090
2336 6859
543 4305
6648 1840
796 953
5157 7181
2736 7773
6905 7845
3328 1704
1646 2756
2893 6607
909 2076
5969 7567
7441 4195
7696 96
6811 3540
739 4953
3107 1724
3640 4691
928 5131
6424 7846
4335 3849
1669 3534
4946 3957
2569 5302
1880 1865
960 3609
2082 4710
3523 3254
1618 3112
6914 1209
3791 7471
3571 1327
3288 3102
5052 3593
7033 7239
3637 5855
5365 2511
4746 5424
4943 1598
3442 3998
1965 3801
1033 4640
6147 2478
1031 251
2310 5244
6894 1967
5676 5734
26 3534
4852 5532
1904 7236
4770 3357
5576 4085
1930 5690
500 1952
7747 2599
317 4764
5990 2347
39 1848
483 1793
1098 5775
756 330
4214 7580
5610 6849
4348 3270
4937 3205
2939 5746
4036 513
6706 3351
4535 1555
1270 6479
7228 3021
1192 1538
1749 1304
61 3367
7220 4557
5236 3860
1704 1029
3224 3753
1097 3821
1338 596
6281 3577
5334 4422
7590 5938
492 1573
2026 2402
1010 7135
4 4812
6623 6650
6977 1216
543 4094
6576 4925
6192 2961
2040 2063
3631 1301
3244 2597
3204 1947
3039 5241
3650 2720
7644 393
4075 6023
6004 5572
6701 6222
7151 4225
2773 6819
1147 936
7185 2325
7467 5265
6226 2224
1734 793
4605 4953
1537 3634
1509 904
1902 1091
2616 4058
3043 1945
7529 1801
500 4788
2659 4673
5287 5315
2188 5557
2163 5332
6929 7741
4717 7842
467 4669
272 5564
7898 2143
1905 6129
1762 7071
2981 567
200 5185
1090 239
7275 6377
3392 7147
3510 1621
519 1692
2417 3589
6720 5628
3485 1782
2037 1504
7681 6963
803 657
4852 3543
202 4015
3708 2058
2566 4885
985 3025
921 7499
68 1774
2537 4196
7159 3359
857 4127
2467 4266
6367 1917
1859 2149
6874 3629
5341 162
2864 3880
5290 2013
3617 5052
6520 721
3835 1179
2707 6797
1785 7244
943 7654
1751 6561
2135 5283
5302 7871
5599 5857
1269 6666
850 2205
6381 4728
1773 7595
2354 7040
1727 6772
2402 457
3788 5198
3370 3654
2897 1217
2533 6877
7348 2839
6508 7281
5971 730
1185 112
6335 5663
6617 6595
4932 2401
6427 6925
7199 225
6169 683
1432 4965
5557 1833
139 3294
5446 6388
3093 4865
1262 2151
2330 2774
1181 2133
2414 6326
6013 5714
6319 5977
4193 528
639 2108
1948 4101
1481 5473
3708 6108
1699 702
7421 4863
7110 6734
5246 725
1030 7724
1230 7170
7033 5886
5828 1729
7357 7371
4390 4757
3593 4135
3807 5395
2430 1162
1619 5738
3948 2299
7754 7609
7437 432
2831 695
7738 2577
4536 3139
7142 5415
5590 164
4732 7477
5174 578
5467 5862
6484 5605
483 2407
113 2958
619 1201
2489 148
2180 3320
574 2458
7711 2244
1561 2246
2455 1942
823 4076
854 103
3337 2562
2903 3385
1754 1097
2888 480
2858 5241
5110 4259
669 4782
1642 6062
6584 1554
4568 6622
1684 3869
3133 4736
7592 557
7383 1665
2258 7801
6649 2125
6497 3353
4735 6147
6498 1081
3566 6433
7872 5641
423 2599
1723 7796
2260 1462
2404 1026
996 886
437 6679
2401 2471
4231 3283
7174 7401
4886 5930
2841 5855
4669 5623
5401 5320
1769 4450
4028 2318
1052 2667
2634 2760
6955 454
79 3688
2621 7767
1799 3870
3591 2566
1940 7333
4581 7189
5335 784
1358 2201
430 1759
7520 2083
1125 453
3884 14
1929 57
607 3494
6169 4076
2550 4832
7398 5022
3978 5571
5525 2262
2562 5483
2047 5331
5437 1010
447 7108
5473 3637
4074 2467
5881 6492
5126 436
7650 1886
707 465
144 7632
5103 2377
6214 5651
4818 1193
4474 4886
2080 3421
6216 6856
3269 3212
270 6067
4264 1195
1229 3357
4824 4001
1627 3209
1260 3074
1306 1916
4006 5176
5841 393
4017 6361
7424 6960
4399 5910
6549 403
4704 6884
6999 5869
3425 6524
4090 2463
4373 5730
1214 2468
1061 3689
4000 4956
4544 4755
4262 2543
2153 6194
4987 7341
3511 5435
7869 109
6130 772
4305 5876
2157 5622
3768 2253
730 5788
5114 678
3211 3715
1218 2123
1899 1886
4180 6010
4919 2064
5108 3241
6230 5715
6221 6630
3837 4008
1155 1787
6465 7462
4657 6222
4539 3156
3677 6539
554 2178
6534 2558
882 7690
2629 6651
7466 5269
6629 1898
1381 4811
1660 1664
2697 1494
5692 5271
188 2838
1297 3715
7278 2177
764 5555
1084 2917
7142 511
2859 4795
5208 6026
6495 1645
7456 1546
4581 2315
2131 603
2584 2805
3981 1696
6939 3341
3888 5679
4754 2691
7488 2201
437 6318
1780 382
3752 1610
5470 3175
2565 29
6304 138
2700 1873
6088 6293
3539 7013
7785 7209
7635 5849
1841 5382
2387 651
6134 1827
5023 6665
947 865
6527 2184
7588 2059
257 6996
1050 3728
5531 7679
1030 7403
2634 7016
1277 6106
2115 258
1486 2289
2434 4910
4154 4402
5288 2642
5327 4261
2679 653
6012 4613
317 6421
1485 2374
6049 3070
7857 6193
2938 7214
623 3633
2869 3807
4279 2775
6255 2757
7326 2597
375 1681
1078 1314
49 752
4950 1599
5466 2158
5733 6684
1058 5706
4611 5983
6479 1622
3271 7732
3106 5085
5765 869
4722 3921
2536 7782
5598 369
123 3518
4915 3050
7077 5980
3901 2558
2772 158
869 7532
3482 5571
5557 2616
6314 3345
7845 5484
3719 1693
4588 1408
2259 1021
5584 3367
7083 72
6504 7394
1315 6297
6393 1197
331 4169
5668 4762
7564 3735
2057 6542
787 951
2190 3563
1211 7118
899 6568
5386 1342
2297 3915
3629 366
6027 6786
337 5837
1648 7616
2900 431
4472 4535
5179 6213
7160 6623
6806 5063
540 6938
1437 1602
1569 486
3936 2206
4821 3941
7067 3843
3107 834
2576 737
5938 1377
881 7366
6161 3806
5832 7185
2898 3926
5614 1520
1823 6923
989 7678
3167 1290
3583 4531
6512 1069
1896 290
5021 1907
599 2870
7105 6706
995 4384
4403 5754
4808 401
1579 5899
2266 1422
3566 2810
1212 7071
5505 2068
5235 690
6586 7665
3297 6527
2902 5621
4265 6411
4253 4178
2489 4708
3723 3896
4813 506
899 5847
4538 6590
4091 5110
819 4126
3075 2148
2272 5479
1027 6976
2570 2682
3641 6832
7037 820
5347 4005
7246 7125
5582 5636
345 1639
336 3359
100 1936
5175 445
5120 4116
2121 847
545 4960
3314 5728
492 4134
6529 7745
1882 3169
1050 2747
1396 6179
44 5088
6310 4936
3543 2854
2602 28
7716 4659
6851 6671
6263 2932
4018 57
4063 7058
1442 441
1916 4394
3459 4327
2684 4632
33 3808
898 737
3347 3338
4768 2337
3259 7110
5905 4985
4518 2718
6240 7163
6028 7113
1353 5340
7511 2400
5068 608
2362 2408
7000 2876
4235 1080
4718 7014
7781 6690
4059 2844
7266 7652
3884 5750
2880 4534
6910 1395
7521 6192
6343 4724
6441 1747
6071 776
505 5471
2837 3837
1178 1692
6610 2408
6425 1708
1359 3360
7536 2232
175 3012
2742 5204
6182 1265
6586 6010
4718 2857
6420 3878
4428 6430
3843 431
6431 7267
7538 4557
3775 4921
1340 2879
4941 5917
7081 6799
5127 3080
4265 6291
6709 7262
6384 246
427 3553
7185 325
3888 3309
2763 1252
7138 5861
7376 5659
6507 3739
2740 5917
4139 3203
1654 3813
1106 23
524 4030
1175 6422
6992 3748
7745 6513
6708 1627
6068 23
7707 2286
5597 5369
2230 6623
1589 1853
4257 3077
7533 7758
3172 6667
7759 1236
7831 3219
559 3380
1458 146
5880 5076
1874 5858
4490 5743
5439 4777
820 7259
2688 6108
278 1044
4819 1273
6109 4824
4516 2205
2257 6586
6202 5590
7743 212
128 2939
4387 2494
6748 2154
6277 6511
7778 4817
4209 1045
7723 6617
4057 4139
7017 5151
3223 2759
4678 5815
126 7784
2166 7800
5436 1230
971 2958
5200 4378
6226 2968
3875 5281
816 2747
7129 3909
1196 3007
4941 2209
106 3185
6591 7127
1700 3387
2434 2115
1969 1972
2355 3687
4052 2593
3568 4507
1932 5728
5568 6416
159 5758
1046 4723
2750 1716
4236 2451
2342 3289
1444 3588
6823 1154
4911 6646
2531 5767
7849 6790
921 706
6366 6098
827 5133
6063 4972
5876 5998
5550 406
86 7553
3508 932
2655 5207
6687 5276
334 1942
4216 2789
6807 322
5393 3471
1600 7217
1273 6982
5502 7180
3325 937
7740 4868
7469 1223
4913 4040
3795 6652
6300 5826
1355 4128
6765 3199
5127 2808
3286 6805
6790 3916
4492 2544
686 890
2560 7770
7033 886
7051 7775
7059 5242
2008 7143
3831 2852
493 6108
6334 5310
7156 4267
5818 6150
1805 2058
2729 1348
2736 7472
1151 5936
6984 4304
5397 299
4105 3476
5630 630
7159 353
6882 5432
3290 2910
272 7576
549 3032
1874 3212
4390 5920
1421 1340
5062 6556
7635 4764
6833 7865
2033 2197
6770 1244
5469 3951
2754 2748
2805 4558
2140 4278
5112 2995
5793 3397
7789 6667
3214 619
3510 4655
4472 2548
5506 3542
3050 5262
7496 7625
3137 2866
5609 6958
2636 1878
6674 1995
3501 5865
2387 1173
4275 125
7882 231
1370 217
5377 1092
6834 1822
3948 580
2865 7867
426 1369
1574 1537
1316 3596
2440 3034
2773 3994
6626 2491
7260 6542
5915 750
2823 1595
7712 1647
402 5912
6164 350
2105 4374
4571 2528
6948 4328
7522 3774
3039 74
5315 5960
3220 6957
2815 3326
6703 6194
3554 3991
5620 5638
4906 527
232 4561
3542 7465
6441 2488
3268 7080
5534 2023
1497 5493
4950 2050
4755 6325
5229 1233
3325 2368
3344 5202
7826 1119
919 6208
4918 2922
4599 4195
3720 2427
4910 7638
4448 3447
2340 5127
5337 5742
2700 2959
1124 4048
184 3670
2474 6400
665 762
2236 3443
2815 2570
6694 4813
1270 7667
5962 6582
2495 4522
5596 4925
7687 2292
744 3227
669 7704
5043 3129
1569 7680
4500 241
3285 4611
2187 3791
5358 6260
888 5190
809 4430
1873 5522
2049 1609
406 3369
6211 4981
5056 3166
2424 2005
5482 4403
4634 468
873 269
2841 4642
4585 7648
5614 6941
4491 7476
4817 5732
6044 3349
1124 7643
2274 4209
6191 1875
7506 741
5903 2521
1892 1855
2098 193
5195 1046
6292 6247
1241 3379
7151 2935
3878 3097
4687 993
1586 7183
4053 4094
7282 150
5555 5682
5175 6212
4474 7237
2885 2760
6616 7244
1976 3622
7185 7796
454 4510
170 6049
3841 664
1209 7597
3962 7226
3071 3665
2292 5
7081 3001
7619 2019
328 4663
3615 260
6213 7626
7726 1424
1505 7033
5967 2470
1549 7300
3586 2159
6490 43
4431 4102
3480 4569
6356 6702
6029 2868
5845 4769
1003 3709
4193 4549
1347 5090
6629 3199
4084 6228
4212 5556
7410 6437
23 5608
7352 2970
5700 4684
6269 5864
2556 6924
7334 5200
219 1974
3441 2213
6950 3468
5146 5423
7609 262
6618 6703
3712 4463
2690 2540
6697 6924
7458 6640
1384 4042
2578 4615
2489 2188
3410 4081
3870 5740
5405 5173
1365 466
3303 5450
2785 4498
6292 3822
1399 7605
5458 5360
1172 681
421 3227
2005 4477
1544 2894
6188 4640
3795 6931
5719 3057
1343 7437
4917 1262
4703 3531
6125 4995
5261 1443
4774 5081
2503 5793
1370 5195
7323 4951
787 7053
214 539
3892 5972
2038 1986
6053 2463
2612 3689
6663 5740
7190 47
3677 295
5574 3082
1951 7598
7001 1344
6853 923
6902 4015
7844 6494
1886 1436
4741 1830
6353 83
1728 7792
682 3253
7195 6557
6508 7328
1571 1725
6561 5560
6756 7439
6090 6183
6581 1446
1762 3358
1395 2061
5191 2245
356 3335
1541 3080
1505 6053
3260 3498
5337 3484
5654 7800
3567 6167
7236 2624
76 5288
395 2218
3513 7198
6557 6780
2488 968
5861 987
5556 4950
3216 6129
589 7838
5083 4081
1195 5081
6043 5255
3318 336
5022 522
5243 4845
7724 2817
128 37
3540 6852
612 397
2600 475
4979 3106
1092 2859
2774 5202
4525 5749
556 5017
4773 3154
2632 3338
3581 1974
245 7605
3365 998
1366 6177
3937 717
4726 961
4109 193
6727 4153
2425 4910
34 4001
1185 5741
6486 5674
802 520
7443 4251
4858 865
3812 7151
5363 1575
1828 375
3168 4644
2881 6857
3056 7160
4556 5339
7789 2711
4009 3399
4624 2875
110 4745
1153 233
840 5418
7677 6960
3576 7730
1429 7510
1057 7304
2422 1887
7386 827
6028 1199
2150 4556
2111 1804
1889 4647
2326 6154
7743 6996
2658 2610
1761 1954
3054 7531
7116 1468
2846 2040
1688 46
3395 2766
3301 6165
2051 5285
5578 5737
1139 2789
7256 1535
426 1377
587 4966
5173 6794
783 6728
2065 6970
4068 1341
6854 1220
2571 3309
5595 3989
7614 1424
4127 2219
2493 2538
6771 5784
1661 6420
1176 3732
1499 2354
3643 6830
2683 7680
1953 3148
3321 2780
5714 5244
4614 6035
2735 6284
1709 1548
1540 6546
3503 601
5415 5642
3133 2315
1493 1954
4685 6861
7011 3129
3704 2284
1131 6367
2621 3089
111 4975
4400 6584
7463 44
3324 7813
4221 3950
3390 5540
6216 924
624 1191
1248 6058
7353 7285
346 6347
5440 3501
3712 6728
4363 1753
2349 6339
4046 7172
5009 2189
2783 5621
2253 3887
1267 517
5335 6387
3213 3305
6108 2607
5840 7553
5165 6841
900 487
3769 595
6919 7114
4787 7580
1030 1582
4510 1612
6006 1813
1497 3040
6210 1449
6579 6336
924 495
3838 4138
2734 2883
5382 3598
2745 4407
2029 1854
462 3771
3655 3989
2475 3104
5954 3010
67 1288
6766 2200
4199 1698
4939 5271
4030 3086
967 2708
2947 3124
947 6495
5880 5825
1265 5025
5007 1675
6875 1300
3463 1058
1245 2307
3617 4678
6751 3128
5153 2967
6807 4381
6217 3618
4607 2659
1104 2634
1830 6412
7577 2881
3275 7341
3655 7757
4288 6660
4434 5033
4863 7353
5301 2120
7669 4299
1566 5280
2907 3776
1908 4760
7423 306
5417 7410
4566 611
3738 4238
4445 107
4486 6454
1350 6804
7036 76
2350 2671
2148 6168
3680 973
5304 2973
2106 4603
2322 4035
4090 2904
810 2738
4665 7691
4596 6327
281 5528
7539 3125
1384 256
2881 7872
4146 2684
3734 6541
3674 6826
7793 1674
639 4636
1508 4078
7795 6434
5478 6712
4679 7750
6377 1199
706 2340
6397 5212
4388 2933
4633 3781
5998 1061
674 5588
5107 4596
6068 2493
1182 1708
7892 6436
6048 5742
1951 5875
5039 3179
4470 2415
3388 7629
4131 5671
592 4187
4981 4414
2796 6829
4792 3340
5281 6718
5194 4668
1312 2676
5132 5544
7321 7404
5301 5176
1764 408
6157 2682
4636 3490
3440 5847
5953 1747
366 2332
480 5652
4623 5700
5329 7772
2246 4509
629 4459
5853 2450
5726 4491
852 2563
1249 3487
6172 216
4964 5708
2844 3000
3094 3864
6598 2019
1883 5843
3218 3855
4936 7161
7434 3417
7178 1446
819 5415
868 3517
7638 6107
83 1728
5330 5681
6500 6084
5463 2415
7624 5971
2850 2597
898 2182
5241 3920
3501 7067
1224 6572
5929 6371
6306 2021
6505 5284
669 3869
743 3038
6755 3412
5759 536
2962 38
6841 6323
3645 4683
7743 5207
5338 3879
6726 546
3157 1043
2485 7621
5298 4219
2468 7267
1269 1878
5001 2325
2336 5488
7192 6842
7119 7288
6709 2337
2961 1061
2975 4550
3132 7195
2075 6541
5216 6160
6599 1539
1726 4673
2868 3360
3817 7633
4786 5337
5458 2415
3699 1188
7479 1541
4468 1454
5619 5876
3287 5125
3532 4581
5251 833
4722 173
6696 2446
4508 3473
1893 3512
2694 3537
2137 1674
7530 324
409 2057
6790 725
7312 3312
6436 4019
7046 4871
6196 5067
3569 1913
5072 5347
6419 5125
78 4912
5627 6353
2502 4832
449 6346
3239 6425
2517 6984
2279 6591
5052 5829
3605 3853
4982 4134
7848 6756
7267 7696
362 5681
739 3972
2508 5870
4255 3845
4112 162
3801 6361
430 823
2158 764
251 292
160 6386
3778 4058
4440 2452
1909 1625
4087 1467
384 2730
5379 2517
2538 6814
3575 2235
3053 3874
212 838
6142 5204
566 5595
3961 5889
5080 2316
7434 300
7076 7349
7881 3251
6500 5745
245 3690
817 2696
971 4104
2500 5880
189 6021
2783 7793
5456 7270
6232 4477
1713 3915
2199 7385
6651 6524
6322 848
4839 3513
7560 5921
6007 5729
6457 2544
1918 6948
2114 7480
5911 5428
3756 64
6673 7501
584 3877
2594 4283
5806 1135
392 5288
3988 6997
5891 5202
5889 1172
7835 4651
5183 5429
608 4407
1454 6475
242 4636
909 7418
765 7443
7223 4963
5061 6381
4644 3700
7871 2626
5772 1214
300 1745
7294 7371
6474 7407
3409 5041
5659 2311
6968 15
6144 4690
1376 7521
4883 1740
6509 2071
7710 7007
1969 378
3844 5104
3797 192
7120 7361
3393 5944
1521 7025
3525 5364
2783 1334
3381 2295
7426 5517
7791 3049
4577 1148
6446 4312
1538 5969
6900 834
6131 3830
6988 720
3596 6970
4677 7632
7218 4283
3788 3010
6654 7484
1263 5681
325 5262
3159 4493
1690 6453
2098 3742
189 7537
2957 4722
3764 7783
269 3297
2396 75
2657 5840
7082 179
980 2509
7154 1363
1890 1694
4795 1355
4531 7102
6683 618
740 3984
3134 6231
2917 3712
6691 2992
3038 7163
5681 5450
5441 5090
4402 4949
4424 2781
869 3906
172 2446
6410 5385
3490 1933
2148 1308
2628 5272
3227 5503
2801 2783
4699 3630
5404 2903
2738 6510
4936 978
6877 643
393 1390
1807 7503
3652 7594
2288 7246
2696 5999
655 7007
6284 2590
7551 7680
7283 1034
2947 4016
4217 7257
6756 311
4094 6286
4489 5962
2782 3294
1016 3918
406 7537
6592 1470
5439 2253
647 5316
1696 4457
6590 485
6468 2106
6063 1966
1569 4011
3767 4796
1026 693
7742 6120
6031 2509
1331 1791
5155 1603
2066 5702
3067 4752
7151 6134
4109 7836
3311 409
4085 1437
7014 5714
6365 3831
4465 561
6163 3436
5804 140
3710 2413
4971 5085
6417 6682
4100 7832
6185 3901
1418 2642
1985 4066
3506 4779
7061 1967
1448 6484
7393 7188
7364 2771
2818 169
4211 974
1532 1495
91 7305
746 6025
5679 4326
5839 7203
6363 3011
2343 2080
3003 2784
6030 5546
7194 7416
4640 7106
7056 5294
7704 3731
4292 1358
1634 2222
2095 3403
213 1764
4317 5247
3287 304
3785 1213
5163 1531
3061 5262
1775 290
7058 2336
2522 7508
5095 3712
203 2380
4028 6285
677 3754
2856 7511
1286 3460
4529 2050
3661 6458
5638 3954
2602 3961
3875 5238
5076 3880
1802 5347
6869 1116
646 3563
5615 7336
371 1361
1311 5015
7715 7576
7477 3977
6969 869
2523 4832
2315 3706
95 6806
4829 6247
2091 6469
3980 4431
6842 2663
1804 1087
885 2200
6297 199
3776 2214
1231 6345
5176 7443
6481 477
3053 5867
7417 7050
5681 2028
2393 6980
3394 3653
713 3522
2380 6859
6618 6774
6602 673
6570 903
5596 5174
2507 1255
5342 3276
5951 31
3337 1137
2174 2813
3575 1491
410 2954
5084 5166
7213 6478
1057 2434
6269 3007
4520 5642
1829 4944
5682 7848
3057 2682
5337 3436
2834 7394
6042 5190
1638 6216
6090 4511
5516 2874
5908 1027
308 4109
298 6158
6142 6103
918 2926
5003 7196
6624 1101
3675 5025
3454 7677
3692 4892
2740 5907
3394 7060
2436 1659
3488 3289
6270 5671
4012 3747
2460 7394
28 3273
7138 6195
580 2807
3132 2833
6570 3671
601 2126
2697 2205
6721 2077
5033 110
3646 4592
3066 977
1432 225
267 106
3120 6501
172 7052
4854 7657
4629 2164
2652 4409
5405 6629
7746 7231
180 2802
2586 3331
2721 3186
2379 4668
3777 7500
7018 1548
1371 4751
181 5215
7170 1761
1984 3079
5470 4044
5440 4813
2945 5953
4580 1860
2450 5538
7831 5290
6959 193
3931 2023
6426 1275
2417 3809
6801 5522
4775 1052
1501 772
703 4890
6248 1092
2571 806
4657 3094
3486 622
6297 5325
3859 2146
5746 3932
5930 203
2375 3815
6848 3428
3175 4233
776 3787
4073 3445
5999 106
4989 2131
2098 6717
5414 2394
2428 7648
3281 1207
3579 1296
397 4033
2654 1706
3107 1682
3783 1179
3108 4190
6039 6968
451 680
3681 2176
6248 3590
586 5920
1862 3115
1625 362
5190 3968
2467 5417
770 2079
3282 2850
3363 1976
746 6625
3369 1536
5803 3208
579 3115
5733 4579
1564 4892
3429 5871
5628 7827
1745 4034
6133 4805
1472 2585
36 1900
2969 809
5738 1995
2138 6663
6921 7211
1393 3072
1201 4441
98 3857
2430 33
1968 691
434 1629
3693 337
3943 4854
5044 3201
7453 4089
2485 2941
2832 3147
2164 3254
7898 1527
5146 183
3470 1760
4084 5700
320 6658
168 5395
6348 169
4715 7354
1605 883
2047 3905
7261 7410
5431 4044
6797 4634
3672 3544
7318 1141
3268 7258
1679 3111
3768 5219
5663 6504
699 2397
4254 1936
6815 1223
2155 6235
4272 5170
5444 3141
6171 5553
2658 6924
3065 6121
2877 6414
5766 238
7613 6428
5888 3057
1891 3430
5334 5139
1330 6813
2310 7659
6140 5516
4998 1645
3377 1729
3355 2593
6336 5260
702 4524
5531 143
528 5048
4724 2747
5471 3731
1876 6485
1008 6429
4914 5738
3687 802
1666 5213
3193 3417
7245 3792
3695 303
1038 1254
2443 5740
545 7063
3458 6893
5335 2613
6879 400
7520 5581
2590 2783
6713 6231
5464 1070
1608 5862
751 7226
1607 2678
772 344
179 7015
6910 4671
6916 1293
3711 3090
4436 107
868 2485
4062 7781
1532 7837
296 3596
6132 7570
3392 863
1788 5822
743 1022
7082 1459
6173 5344
3410 3887
5662 3615
2803 7604
3223 964
5942 601
2817 7127
6287 7405
532 910
764 3951
6585 4072
921 6927
1984 2319
3197 5379
4689 5553
7451 1000
6009 1416
3338 368
7262 4500
932 4872
4109 6794
3501 4213
1561 4413
3118 2297
5125 2845
3738 5022
7388 496
3770 4538
3351 7640
7503 7269
4075 889
3167 70
7302 7071
3836 5134
5436 888
5780 1542
2514 2800
4329 77
7683 2870
5783 2055
4143 2652
1423 2477
5743 6807
7567 7517
2739 5027
3577 3581
5581 5836
4698 5892
2173 5046
7889 3939
115 1266
4947 804
5975 4600
1087 7335
2745 3875
5999 4571
35 5050
2399 7545
6894 894
6281 5974
4172 150
176 6029
485 480
2870 7314
6271 3877
6585 5280
1470 2949
7502 897
2030 1898
2879 4503
1534 949
3119 2801
6679 5927
6561 4165
6086 6624
3868 4713
2893 7747
2614 2114
5020 6604
4575 6219
5239 5854
4268 4413
2572 6116
6830 334
7589 1255
3426 6485
1740 354
3870 4653
3474 283
2554 7463
3186 3158
1501 3803
3101 1390
7111 782
1111 6419
3572 3406
1184 3995
1844 4258
4220 3778
379 2385
7859 4857
5496 1896
771 5058
348 4052
2328 1600
3419 6031
6840 2921
3251 4417
4240 5518
7796 3064
5465 3650
3317 3804
1533 4171
2711 2517
7517 56
4315 4185
3249 3172
3056 739
5236 5216
7243 7045
4991 7575
4322 5765
4390 6803
2970 5433
5178 1336
5700 3100
5892 3874
5776 5830
6154 1149
3711 7101
716 5280
7884 5369
3377 6382
482 1604
3322 3561
1990 4982
6350 3397
2885 7858
2867 2311
7822 4928
3764 3911
4679 4237
7213 86
3844 4710
5925 4141
6859 5819
5602 6759
367 2895
6456 2129
5177 3239
3552 3530
1736 383
3202 4223
3389 6494
2374 575
6259 6644
7813 5999
4555 2306
5305 5497
6375 1201
4311 1438
4969 4139
4743 4927
7278 1506
6182 5513
5638 2474
1824 2494
3261 5242
23 4112
1095 6401
3709 7664
7216 7841
337 2890
7435 125
1464 5859
885 4011
5590 1355
4667 7082
6631 6439
4130 5466
7875 6657
4771 3193
709 6638
2052 706
5106 2196
6423 4350
3294 3283
5782 62
5231 5865
4635 2295
4512 1837
1926 1117
2117 6998
4050 3882
4335 6714
1603 5642
4348 2612
3357 1371
453 7425
6854 7836
5121 6308
7699 1498
1222 6695
2360 7618
514 1595
6691 6694
521 138
906 3460
2637 7169
2738 5872
1961 1933
4887 3529
6338 3931
5631 4125
2202 7541
2271 7078
7309 664
7264 5122
582 3632
5538 5206
922 6053
2390 7426
5357 5405
3524 6376
1432 3318
3056 1868
5990 4717
1852 7031
7696 7339
571 7415
6161 7120
1009 5336
4383 6207
3570 6293
4727 2381
899 3345
3657 6171
443 715
1537 4449
7191 1952
5654 3516
6606 1446
1892 5275
3294 1909
2386 1097
7790 2764
1853 7485
1173 4633
5398 6206
2778 2759
6034 3343
5989 5402
3374 7672
5180 3085
7347 1587
874 2602
6351 41
809 3041
4549 2252
5791 3664
230 1847
1971 4848
413 1512
2538 1504
5222 1803
5651 4639
4715 5742
7168 412
1910 6500
2986 7769
1240 2
7782 4806
980 7519
827 2001
5652 4642
7362 3676
3996 6837
3942 1144
3951 7811
558 1353
6419 5943
7699 3068
2067 4631
2577 786
1300 2910
5146 340
706 1976
7373 3761
4924 6876
6351 5998
4685 3694
1501 3268
1094 4922
5581 6861
3026 50
3157 5137
5109 6285
4417 4130
4722 83
6452 1820
3871 3708
4674 2946
7180 3186
893 3251
7733 3029
1711 5703
6504 896
219 464
3461 5733
3467 601
5510 6215
3630 6947
5025 665
3673 1195
2591 675
3310 335
7224 1573
7418 1056
4329 3998
7048 771
639 1847
1035 170
829 7710
4611 7671
6523 5487
1087 7384
1259 2503
5605 3424
3689 3684
2144 2386
1787 5230
7355 7691
7332 7804
50 5295
7089 3017
802 140
5932 7898
6021 4220
4280 3499
7466 3969
4498 6164
2615 4154
6929 54
7823 6072
5655 6252
1661 1443
2292 1425
6521 6817
974 4140
6219 2482
3500 5813
2534 3459
4161 6857
5550 4971
455 1356
5773 4007
4140 5289
3823 449
1820 4835
6278 2017
3611 4482
983 4783
4419 7211
757 3549
5215 2902
2038 6848
1738 3047
557 6873
3004 7772
280 103
767 1871
7563 6973
4254 4841
1554 5853
4131 3355
5772 1462
5955 432
5517 7452
5956 2802
3882 7702
439 1488
5620 157
6959 6804
5518 542
1588 483
7085 906
1303 3908
7452 1988
6655 1701
703 6268
217 770
3867 3649
4865 4244
5451 1049
2137 4087
148 4336
2865 4400
5914 5932
4768 5601
1999 1612
422 5280
4610 7539
425 73
2131 4852
60 721
7366 2343
7123 4474
381 4228
5572 4018
647 29
3916 4160
6560 4412
5508 7302
77 7868
6644 6570
3730 1367
1741 629
3989 4564
2809 6788
2295 1306
2256 4193
4141 449
1039 6484
5867 437
152 4115
4556 6572
7079 1496
4369 4424
2436 4907
5562 9
877 612
4963 4018
1137 7773
6888 2714
2118 645
6715 3862
1207 7517
3195 5009
6013 1199
4860 4430
4286 847
3404 4973
6249 3034
5697 2194
6037 7558
6351 4501
7331 7888
5241 2003
4513 3798
3006 4944
331 6403
2644 4118
6666 4229
1704 5746
2121 326
1280 2217
2067 6220
2558 6080
5119 1265
5620 1830
5768 6240
7699 7312
3297 734
7388 6948
213 4695
6228 1411
3211 3851
825 76
6234 4191
4905 1402
3963 3122
3061 2448
4521 716
5230 3644
5527 7732
3585 7770
4245 694
3507 1524
4456 3746
1845 5761
2093 209
5143 480
6490 5023
6830 2065
665 2849
1766 292
3597 433
6874 553
2210 4282
1908 7456
3400 6869
1210 2750
6302 5601
4939 6877
2637 5360
4676 997
5413 6043
5425 5925
2523 235
1406 5
2352 6445
2184 2200
514 5009
7249 4104
4449 1072
5314 7030
1573 7568
7650 5378
1327 1995
4485 2037
6839 4917
6398 6461
3867 4270
2114 2678
159 4986
7759 7287
5312 1017
6681 3443
3142 3067
3259 4865
3545 1487
5604 7184
2925 5826
6776 1539
5508 3984
2212 2771
7650 6507
6119 3574
7510 1370
2389 241
5480 3037
3798 3555
5381 2888
209 2505
434 3050
2305 7545
501 2014
2051 3141
5459 5279
5819 1080
3584 6198
3786 6139
1248 5523
7808 6448
5612 4883
3544 359
7027 4252
2114 6268
6033 3948
1294 6480
6206 256
513 5141
6110 2846
3559 3025
412 7441
811 3124
1052 3805
5611 3262
1241 5923
886 4825
7015 2954
6186 4312
2868 2971
4121 4459
6789 2556
669 848
490 4971
5694 6173
6 769
7536 7365
6420 4433
6290 4060
1709 3265
4549 1757
2509 217
1235 3449
2403 358
1853 242
6162 2386
4136 4233
71 6245
346 6000
5247 3425
1465 7502
4885 3026
7492 1988
7611 1491
2027 644
3304 4306
2488 67
2830 2756
3900 5338
6372 6722
4592 5808
389 4187
3512 7355
652 2877
6927 2102
3655 509
2521 3049
956 7728
6433 7853
4080 5951
4874 2653
884 1639
5019 4297
4297 1866
7606 5304
4201 3805
8 627
6737 6684
4834 4825
7317 3330
6022 5819
4493 7627
7195 5548
6953 6170
5224 2059
1698 5053
6161 5294
4647 3656
5826 1668
1864 6691
3553 6825
6591 4295
2552 887
4415 4796
4675 5871
5625 6024
2196 986
6223 13
4959 1797
1007 5185
429 7844
1041 4482
3972 7733
2373 3368
7254 6007
7083 3130
5415 7759
7537 3177
7760 5331
3293 2948
109 4166
4982 3445
3501 4025
4021 6831
5867 2048
7295 2796
1528 3979
6634 5260
2624 7562
3988 1508
7857 5935
4615 741
4218 91
7255 2798
7319 7406
2732 6740
6701 6716
1431 5318
2774 5901
2072 5036
5091 5423
7758 1560
1660 6278
2260 2413
7515 3770
150 6922
3665 438
2529 1208
1630 4661
4793 5996
7337 7842
3589 2911
1869 2539
1124 5214
1555 4668
2225 607
1835 1772
2030 5935
5680 860
2836 3992
6374 5112
2075 6351
7519 6513
7708 1323
1277 3917
4798 6065
7674 5316
2819 1355
7032 1043
6937 755
6772 3406
6586 1477
497 662
4944 1355
386 916
4885 5317
1492 6969
3359 6158
2435 3725
3852 440
7160 144
1282 705
3318 1191
1529 2491
3633 2794
2332 2084
833 367
6904 5552
6738 7163
1650 3868
6900 6098
2145 6096
6387 6028
3762 5795
7581 3304
4718 7043
590 6798
3676 7246
5555 2441
6623 3295
1069 6615
6931 1585
613 5728
6864 3820
7594 1587
6664 7327
5793 5141
6306 4979
1846 1670
7583 4085
245 4841
5404 2231
257 6468
1591 535
1559 2626
795 1838
4521 5590
6151 4451
6439 5465
5331 3626
6761 1395
3236 7809
5034 3944
1229 1704
4648 7592
4131 3748
5900 4548
7787 5434
2685 4338
3801 4877
4154 7381
7792 314
5394 3529
1263 4730
5752 2306
3938 5406
4036 7040
3467 6451
835 6320
1107 4478
7648 2068
53 5810
3231 4070
1107 5967
5990 2344
355 3877
1469 1500
4390 4909
3344 5039
1275 2319
3256 998
4331 899
6042 5019
2722 5615
831 4197
1781 4254
3114 3048
3769 7632
920 2405
3088 3790
1054 1490
5767 4956
3662 3989
1317 3931
2292 1810
3558 3282
5651 7342
6677 1738
960 6227
4833 5914
591 5065
5007 7118
4472 1124
6235 5735
5935 2359
6634 629
1550 4367
4334 7873
5893 2172
3933 5798
5812 4856
3488 1578
1348 7792
3005 6707
7826 4010
5060 7786
4454 1872
3502 1158
7199 705
1124 2117
2195 916
2900 824
7033 3014
1720 5469
5192 229
7006 2834
335 999
5296 1772
2978 1657
162 1762
4916 987
73 5348
3646 7367
6765 4299
4424 260
1354 460
7637 6539
779 3982
821 75
42 7295
3572 3732
5856 4925
1964 2798
934 2868
4194 7481
5098 4672
5979 6938
1037 166
6275 5394
718 4989
6902 804
2378 1531
295 7471
4735 5853
1864 5717
6 7302
3182 4167
1227 2733
5075 3652
6936 1236
7667 5641
7368 2848
2886 2775
31 6341
5384 7435
1044 492
4648 2720
5565 3667
7720 5937
1591 2872
5768 5535
6156 2230
4934 6333
1394 1707
2165 1932
3351 7412
2088 2494
549 5311
2015 5240
6192 5302
5282 2593
4344 3617
868 5346
7544 3680
5036 7212
3000 2690
2254 2004
4551 7758
5856 1001
5949 341
1850 6375
966 7758
3569 4858
5126 4151
6714 1556
4641 5066
299 4621
6940 4620
3072 6360
4019 2337
5366 4016
2718 3445
2969 3254
6145 7655
4308 26
7706 1724
7077 5036
3240 7612
679 4862
7694 6340
6816 6117
3874 5762
7177 1690
5304 3127
2721 500
5572 3599
5582 7424
6244 958
3222 1338
2718 5893
7394 1002
1539 1638
6970 7586
6416 5013
6345 522
7311 7416
4161 5862
6954 2497
5446 217
7595 6058
4307 5850
7237 7566
7727 1204
3384 6339
4658 5679
4936 4911
6573 6867
219 68
4753 7029
1614 2522
2378 955
1128 7754
5797 6447
7517 5832
7851 7504
3671 5148
2182 1275
153 7181
7827 3393
6095 5032
276 5829
7318 5510
6011 5834
133 1628
5762 7677
2016 7482
2209 426
4530 4488
5558 5122
2868 7794
6280 1129
2190 5285
4326 2066
5860 1322
1735 2937
2045 4510
4143 7036
1983 3517
6685 6923
1537 3936
6436 6206
1448 1429
5779 736
7851 712
1922 5554
3627 1721
794 484
656 7611
7164 3179
3940 7245
2391 506
5385 3475
7021 3986
4064 4954
6222 6337
2767 6628
3386 2328
4506 1707
1946 322
5702 4059
7217 5465
7616 6572
1589 4076
459 6052
3227 7895
1977 2630
5565 2154
7555 7154
178 1835
289 7012
4942 4666
5749 1169
3829 2939
7890 7522
1746 4723
6648 1952
1526 999
6397 7601
620 4908
7080 2799
1693 1948
4366 5562
5012 5395
1689 4838
2462 6263
61 7165
747 4015
1236 2547
2603 1789
3311 1642
45 6870
3099 2166
1480 6380
6048 7706
903 4493
7031 887
3082 7049
3513 3354
2112 668
633 3883
6910 6489
3912 7030
4240 7044
4825 5876
7218 7461
391 4209
5827 1418
4188 2671
5205 1877
4524 4427
6736 7821
7073 4262
1171 24
5559 4373
650 3808
404 6400
7192 7728
5536 5408
4871 7564
6472 6897
183 4550
7551 2193
5487 5434
3351 6493
5415 1749
4772 4460
7845 7546
2607 4954
3127 6549
7055 7384
6003 1229
2620 7842
3664 5124
2344 6448
7400 2474
5979 6085
3258 5633
4751 1014
2438 6609
7245 3146
7882 3262
4624 1462
7227 3945
1684 3923
6117 5354
3653 978
4160 6976
7370 3427
6088 1841
7790 3517
2532 3409
6514 5950
3422 2435
3309 6877
6167 1491
4606 5951
4533 6746
3901 6152
253 835
282 425
7497 6657
6934 1852
103 2548
42 984
6814 1027
1181 2495
4286 6787
2332 7193
4929 3106
3561 2255
3175 741
7523 5587
4526 5061
7703 508
3608 165
6193 1931
98 2761
7180 2806
1313 5859
4688 2761
1808 322
3241 5827
7759 6769
4244 1141
7093 1423
4976 943
1700 7799
3497 6768
5203 1695
5703 5166
3447 3467
1105 6556
2888 3812
5012 2375
1819 7422
7661 4614
504 4045
2228 6945
3555 4373
7070 6685
3668 7089
3273 3627
1273 7711
468 6438
3882 429
3941 4854
3627 1548
7069 6642
6392 2888
4906 5329
15 3964
3230 4519
7431 7242
7603 2152
1957 3754
5379 5560
1375 5579
5737 1955
5167 547
7040 1472
1018 444
4113 4327
1050 7845
4866 657
5938 1924
167 3583
2280 3770
2875 2263
2091 2645
7821 4050
4429 2672
7345 7564
2893 2826
5563 3642
3525 7342
5847 3631
2053 4410
6034 5273
6883 7643
283 7177
5587 5293
768 4117
6268 1144
1011 4518
2424 378
5357 1705
6198 7567
7846 5275
581 496
3514 45
7603 7062
4499 6822
1368 1169
4057 7478
3544 5614
3193 436
3963 3942
2515 904
3559 4115
4105 5282
7071 1186
3667 5645
3231 7338
6356 4224
4716 1819
1736 7781
1685 7424
1651 5030
3357 1251
7005 5164
3848 7026
1117 6640
7755 4339
6778 3014
7123 3273
2528 5401
2357 2699
5827 4725
4419 7607
7541 6409
204 7574
6656 3228
2005 7891
4003 6926
1719 3748
4608 2265
5813 5895
1022 7514
1014 828
868 4460
224 4795
1142 6230
4917 7854
5400 7786
2928 1332
4203 7012
3701 3863
4387 2437
42 1486
2785 6451
5652 3080
6752 7304
7185 2672
3080 5716
459 4971
1609 7135
6446 1661
2788 1277
5890 6860
3561 5667
7643 6301
6620 4104
2382 2093
7087 7579
5595 7300
6672 7486
4489 3880
6471 2164
849 7817
4341 1874
6074 1914
141 3844
4255 3681
4888 3578
2350 5815
5658 3366
4144 4572
25 2366
6003 3370
1126 3469
4179 2263
1780 2648
4095 7784
5408 7651
4832 4231
328 760
7365 3420
7098 164
4815 2425
889 7151
992 2397
6318 2507
6709 6981
1223 562
850 143
4340 4371
7893 4474
4247 213
3104 2745
6099 7099
6291 2330
2044 520
2528 4162
4005 6055
5925 3572
6174 4962
7415 6571
7802 1746
4497 4151
6251 1362
4325 2808
4201 3194
6439 5959
4872 4932
6829 1427
6485 1763
1444 5597
3474 5737
4313 5396
6221 1272
379 3796
466 7810
2769 3851
5734 2611
5597 429
6545 5124
3307 3181
7079 6662
5462 4651
7349 7579
7435 6755
4591 6891
5966 4458
7585 4638
6756 3786
6769 3524
992 4902
5247 1874
7272 475
2010 3657
195 4201
3057 7064
7140 4702
2721 7840
461 2114
2911 4626
788 1985
6454 624
4508 4956
5113 6418
2811 5163
4512 6358
2163 1461
4365 6878
7492 576
6710 4910
2003 2046
5643 2440
3448 4427
3603 3953
693 1328
7837 2676
6754 503
2935 1501
3055 4748
7397 2816
5900 3144
2906 4182
4514 4601
3835 6419
7377 1969
7425 4328
895 2517
5470 4861
7239 5848
7820 1098
2547 4395
2226 2293
826 5612
4437 3201
7280 2708
5303 2075
4492 750
2374 5339
4293 1958
7075 3413
5213 6817
4066 1457
3417 2192
7733 4420
3230 5217
4919 6054
3759 6152
6394 4943
1658 405
3546 6130
3797 5332
3829 3961
7136 1730
3792 5960
4566 5374
1348 5686
4664 2676
1323 144
4944 3402
6863 5844
5749 2400
7000 1737
7128 28
5580 1608
3274 3791
4021 1165
7028 7400
3760 3128
181 7052
7191 5116
1888 3177
127 5137
1140 1881
3459 5069
157 883
7258 2615
5116 4903
5894 5404
6012 3484
4132 5669
2601 5714
647 3823
7738 627
4082 7574
7589 5877
1677 2758
1639 2866
2426 5101
3078 4575
4812 1516
3133 7
1499 4562
4253 6239
1171 3576
4936 4241
4898 1342
2177 5859
1553 681
1988 5833
5047 5879
5472 5485
1847 1765
2999 4409
4652 5877
577 363
7700 6223
7266 3430
16 4312
7519 7148
2776 2222
6373 1555
2396 3228
4381 2198
2996 218
4183 6325
1939 6738
7353 2229
5499 5203
2745 3923
949 5216
1750 4230
3322 2561
2254 1770
3363 5263
6382 2714
1537 6005
3775 190
4447 7585
1235 7228
4990 295
3740 2622
3900 3793
6198 2611
2908 3566
6109 6655
6953 4660
3078 1986
909 2811
6862 3681
5517 1957
6536 5189
4522 6226
4063 1631
894 6949
5314 662
4106 5472
7881 4714
5117 4585
7266 2282
4370 3925
7152 6117
5838 3370
5491 5760
5065 5946
3130 6053
2687 945
7813 666
5334 1802
1040 2118
4018 4991
3770 6441
6451 7406
6923 3675
1527 5167
2020 309
7751 924
4214 6806
7124 4506
6918 7503
1548 3131
5402 4331
7199 110
7037 1276
1208 2262
3196 3242
972 1075
4446 1642
6229 6135
5868 6758
1624 3690
4096 5146
2270 716
424 5327
347 3677
6155 4958
6415 7271
6938 2202
2961 7819
6815 3786
1349 1137
1492 3325
2074 6403
7059 4928
6433 4359
6159 7413
542 5281
1213 5932
6497 2293
6596 5009
5675 5104
2101 2410
7897 4798
7410 4286
4988 4275
1274 1716
2977 6329
120 2773
443 7487
1117 3270
7358 626
7055 3479
3982 1699
7627 2076
736 1726
3933 457
4545 7508
581 7208
2376 1329
7882 127
3012 5089
660 6645
5315 6472
410 4718
1231 5740
4798 3286
1109 6689
1282 4845
4802 751
5429 7063
257 7784
3323 1675
1758 769
4665 3168
4980 6096
5404 5813
372 6684
1747 676
4844 3381
7169 332
1366 140
3053 7249
1543 895
719 4838
5221 938
1219 331
7740 1465
7389 256
2800 2482
3703 5500
2311 676
7579 3358
4829 3242
3102 5170
2743 6177
756 6571
7291 5025
2725 7128
6481 6948
386 288
754 3692
7117 5936
2618 5772
7253 4167
4798 2491
7044 4724
1246 4087
102 3823
6202 6197
7717 1627
7743 2410
1095 660
2651 3450
2858 6904
6355 4886
3164 5580
2268 752
4313 7600
1386 6065
869 572
3180 3935
709 7510
2650 4262
780 5824
2160 426
1059 3082
5939 3140
820 4511
6258 3808
4294 3098
3342 6981
3162 6211
5288 6708
4690 3744
6916 7517
6174 4117
5388 7668
2831 1348
2711 6966
1653 6619
6863 3415
135 3935
1529 5858
4404 1112
3521 5632
5814 6190
7143 5882
1929 2764
2499 2970
4880 6336
4515 1115
7714 7117
3680 7335
2034 7072
7452 2589
5271 5008
6524 2896
7389 2246
2246 6567
3193 3339
5943 2175
3935 180
1204 1251
1035 5264
578 2138
3074 4868
2929 7707
7478 2285
434 509
296 3150
3797 6044
6611 3472
6738 4586
4284 6088
5122 1058
2667 2936
2624 3048
3088 4769
7346 537
7164 7171
3192 278
2631 1172
6128 7090
7563 3222
239 1658
6167 6703
344 839
4775 243
5815 6796
7076 6184
964 2979
1583 2760
2523 3873
6622 2103
191 1552
7717 5851
3869 5913
5995 5911
1506 3331
7765 7792
5690 5565
6044 4235
4406 4450
5651 5845
3531 1151
1527 33
1468 2080
6215 3436
3501 4025
7853 4515
1160 4498
3329 729
5220 1055
6271 6348
690 2962
132 3657
4052 565
4598 3132
7297 5608
5657 3765
1443 7669
6289 2475
1600 975
5170 3441
2530 6280
4035 3788
1503 7365
1990 6290
6637 5714
4520 650
7530 3227
6634 6763
6053 4143
2511 1534
5339 4676
5134 2673
2197 1605
912 1227
7508 1817
6369 1667
852 4776
4250 2008
578 812
3178 6898
2965 2155
5117 1352
4467 2894
5417 7285
7693 6137
2791 4769
7413 4835
4979 6488
1938 2777
124 5911
859 3235
4828 3492
7427 2919
5251 3419
5916 5637
6062 2263
1967 6848
6378 7160
4620 1377
4434 3907
7270 3095
2928 7489
2631 5295
2989 493
3175 6035
7074 4882
1002 5669
7619 3055
5399 4140
4314 4331
4646 7044
5123 209
3675 516
6346 4439
7583 4492
3588 5747
2247 1321
3487 3612
4788 3259
1994 496
859 5439
1244 6658
3757 7400
4872 346
902 5123
1078 4728
755 2080
5724 3024
238 6140
1061 4737
85 3204
1931 2366
4755 3916
180 4756
6230 2277
6598 6282
7184 1442
5918 1172
6110 7444
3669 2457
5546 1045
5694 7899
2125 998
3660 5840
4655 1526
5863 1134
6291 7596
5130 6178
5129 4509
3187 7001
6950 2779
2788 2129
635 79
2401 6455
7651 6020
3089 1053
3821 4923
3670 479
6372 4807
2795 4641
5997 4290
3110 6416
5094 4372
6097 4139
1329 6207
4159 2400
6050 1188
7280 7614
3976 1175
4103 4129
1443 2502
5464 1947
1988 1080
4498 6808
6023 3111
4857 7287
2157 6748
4366 7588
1598 5807
5200 7633
3600 1215
7601 3258
7015 2682
4322 7743
5672 6158
2696 3761
2420 3232
6549 2813
6641 7379
1536 7235
4485 3357
4788 7633
982 886
5786 6340
4510 564
3421 5855
4694 5726
886 1289
1990 1255
7695 4367
2311 5247
5828 5898
7767 4097
1063 2048
5040 6054
1396 5547
6589 1122
3919 3968
2282 4828
5839 973
7448 3674
5491 3138
2956 6946
4930 3134
2339 3402
7001 868
6184 2105
4731 69
1023 2073
2294 4458
7606 1740
5922 6041
3463 2706
5203 5039
6729 7857
4062 914
4635 2069
4119 5712
5255 1914
5312 6316
3511 5554
214 16
2244 2266
1767 5154
1447 4609
2127 3112
6114 819
5945 97
6085 6786
502 3838
97 6173
1801 2144
4819 2950
1991 2682
2069 520
6223 4064
3796 5576
5852 6042
2193 6257
5537 225
6335 7377
536 6638
275 193
1832 618
1691 7701
3834 4215
7141 1995
4394 6348
7540 7426
3677 4061
4856 1756
4563 3907
6862 7197
2022 1192
4070 5041
553 6738
6088 3697
949 5055
5539 6869
5161 6880
6888 4662
6631 379
6180 1473
4731 6693
3127 6048
7852 2298
6316 7531
1530 3435
3850 1783
5989 3808
7118 326
6497 4143
2378 2141
6925 762
5508 4994
6023 3378
6231 3469
2936 4935
6964 7851
683 6977
4324 1469
1147 7879
4045 2725
2895 958
360 3358
53 7596
6038 1600
829 3949
3889 2525
4537 3529
425 3694
942 5750
6462 6081
5945 6369
6079 7769
2622 5325
2109 5082
2457 3454
3558 1294
5229 2730
5644 6348
5979 6436
2307 7073
1316 3471
5538 423
5535 6323
6371 711
6378 6477
4299 4679
7105 3138
3210 4905
1980 6234
153 4808
3828 3494
289 7480
2383 1720
2510 3877
2179 1187
7592 947
6960 1158
7598 396
601 1888
6790 2014
6710 3467
1813 1839
5981 6362
1534 7297
5065 5752
4322 5905
8 1938
4364 7123
7141 7739
7539 3688
1432 4707
7806 1044
7520 2987
4017 812
5590 6512
4866 7248
7581 6467
2223 7168
5145 1124
6596 2966
4672 2929
3425 2650
5881 5707
754 5418
3593 5302
313 7707
4866 6860
1061 5408
6930 5500
3675 1339
2667 4823
4667 2541
10 6986
1941 6666
4245 750
7801 991
4735 378
1974 1191
7000 7655
7089 899
4799 3609
6481 2399
749 6582
3106 3520
840 4572
5197 6054
3272 6384
498 895
7816 5203
5543 7327
6592 1921
4699 6182
3853 1662
740 2511
3948 7505
5612 1659
7006 4048
370 4543
1499 3221
6065 1711
3991 4648
4688 1606
3141 2564
2689 455
7059 7271
2612 7542
566 6267
3507 6206
6901 2727
2753 3147
4496 2247
3093 1120
4425 2097
302 1700
4837 5525
16 3293
5141 6968
6674 3534
6001 5633
723 2532
6790 6387
6319 3969
6212 2904
5523 520
3936 4367
7250 3045
725 7445
6542 3020
5933 6360
7115 2674
126 15
3007 7831
3921 4389
5688 6458
2352 4070
7632 611
38 345
2787 1619
5268 6373
3611 7082
647 5163
2036 6995
5488 7645
5357 5464
4892 4264
4982 7294
5443 2425
288 6106
2996 4595
1397 1920
4815 3329
5711 6471
6389 5272
984 70
418 4591
2147 4169
4780 232
3116 2041
3285 5547
7018 540
3126 2441
153 1761
5661 7171
1184 4856
6533 2220
1701 3457
4901 4458
6807 5490
5333 6915
3934 5745
2412 620
5280 5789
5108 7755
2195 2418
4547 2362
6611 7154
5735 6351
7468 5178
2130 1823
6409 7750
4586 243
426 4705
7597 2639
2302 6889
5147 7603
6170 5647
5383 2204
3886 6771
2942 2373
1364 6539
4125 7725
3260 2216
5425 2954
962 4952
987 313
1739 4331
4269 2120
7103 5391
5627 5811
3265 7876
1907 5114
277 2121
1052 2722
3718 4655
3514 2700
451 1438
6575 954
6471 3014
254 3226
3170 2174
3101 5344
2180 2234
6218 5292
3120 2158
1695 524
7013 5840
7198 5715
6055 4244
6523 6640
3488 1236
3843 6765
6166 5262
104 6202
1529 7235
1810 4846
5257 6383
1458 959
3210 4122
2395 7335
1435 1600
7747 749
5067 4302
7846 2770
1091 4221
3555 4369
7032 401
2583 1510
3592 4722
430 1117
4891 5304
4310 1250
546 298
1816 1486
6321 6024
502 2349
2257 2329
416 1954
7817 3970
6431 4799
7267 7488
474 3170
4065 4151
5234 68
2384 1620
5942 1939
1202 2104
3896 3753
1133 876
2193 1983
3322 6167
7610 2457
5676 7554
5579 7769
5938 7331
6148 4264
6803 5642
7745 1460
2217 3825
5511 2238
3259 1818
5585 1658
3825 1455
3887 3953
5108 6868
6753 5135
691 4321
2824 2762
1065 6864
7496 5731
4396 7455
6883 1409
7624 2771
1842 3580
1161 2635
3847 807
1942 2682
4389 3897
1879 7011
632 5003
5531 533
3109 5618
660 730
2370 3548
3982 5756
1733 7143
2611 7415
7722 7825
6182 6608
6256 2719
6610 7410
1971 3899
6441 4477
3394 3855
4976 4332
7851 4462
6793 5582
1 4034
891 7387
4906 5393
2494 2352
2669 7287
4918 587
2025 310
459 5330
7599 4342
3157 5519
7455 5292
4846 5211
1696 1911
5696 2387
3359 4701
3777 703
5940 4395
5873 2292
7087 3588
6019 6192
651 7636
3997 834
3873 7521
6340 7285
3884 4574
232 2824
4835 1054
4274 3492
3198 2717
1658 6971
5622 3403
6314 1510
6729 5821
1717 1755
7745 220
5373 4377
2359 2618
822 2420
4926 4995
3280 921
3040 5418
7625 2457
5045 2660
3940 5594
2314 5687
1150 7575
7834 1053
3655 4528
3782 4792
239 1634
4463 3978
7687 157
473 952
2899 5731
5055 1764
5568 2580
4762 6430
4064 4110
6480 6808
3557 7894
4201 1451
5872 5006
1993 5217
188 1924
5263 7275
4764 444
3684 808
7073 6276
1997 6659
7723 3709
937 5168
5518 981
7253 6329
6251 1068
7058 2875
5434 83
5189 7428
4478 3910
5425 3473
3487 7595
1639 6934
1522 4884
2015 762
3773 6705
998 6042
1019 7495
1712 5988
621 1632
1350 5369
1554 1520
727 7666
4533 7057
2295 7710
6389 3492
5237 1988
1399 2398
854 194
4182 1209
3617 4589
4280 3604
7133 5844
5534 4722
7488 5421
2364 7736
4065 1002
6198 2757
3979 7262
2396 6941
5642 530
124 3974
5167 3799
5616 6729
3007 7394
5237 6391
5459 5150
3797 4028
6230 692
3011 6721
6684 5962
4979 7340
750 6211
3670 4249
4834 5021
5504 3365
1331 4661
3768 918
2650 996
5990 4788
3491 4868
7838 5896
2564 4864
4165 5908
6866 3755
4149 3887
686 4680
5625 4150
2838 2642
1206 3702
4068 6767
182 3200
7024 3613
7671 313
6 153
5813 1143
1754 7053
1594 4362
4008 1492
5701 3059
1159 800
6249 7428
1742 7063
6130 980
3513 7799
6778 973
6219 2688
5013 1303
4412 7099
181 1912
1905 28
6092 2921
3033 835
2510 3060
6023 1016
1145 2341
1717 923
3232 5697
4403 5122
7464 6174
3415 6075
6423 349
363 6483
4799 5110
4769 2448
7661 47
1201 6312
5771 5506
1032 5777
1846 3092
2689 5885
7290 6634
6127 3669
4527 5988
3622 1415
4756 7212
6639 7453
3491 4032
7503 3424
2063 5969
3920 5139
1316 1394
4547 2910
5983 4084
6522 924
6283 3979
5447 835
7327 2214
5207 972
16 4406
2729 3079
1958 6361
4734 2059
2800 5132
3634 7213
2190 4896
6207 5338
1584 5430
1501 1602
5837 7425
6690 513
1639 5401
4801 5954
4352 5082
5634 5137
7722 7009
3230 891
6702 3428
10 7565
6159 7372
6328 2633
1821 1531
6735 3715
6021 3896
4483 7301
1556 1312
5969 811
2980 4845
2109 5989
3220 6504
1143 6095
285 6421
2513 7529
7812 4422
7171 5347
4520 2642
5734 7087
7179 4272
1338 5137
1290 1126
4887 3059
2327 7816
4585 4256
6073 5622
4270 3277
5532 3686
5068 6608
5987 3768
5607 3599
7182 1180
23 5503
7182 4663
5748 350
160 6147
7299 6083
642 606
4505 21
6965 6220
7522 37
3136 570
6607 3318
7327 7461
785 3078
4287 7791
4213 4008
5828 1888
859 3593
5647 3929
437 2012
7308 4977
11 2892
7748 4671
333 4819
2108 5232
750 1592
7861 1516
4438 4138
4270 7832
3551 2561
2305 2437
2076 377
112 1181
4970 4710
4630 1516
4958 2836
985 7390
7092 4085
2067 6622
3510 7875
6044 3553
5720 6775
2522 472
2574 410
2431 6005
7729 6123
4581 1794
2837 5522
5046 5094
2824 5034
4154 4662
5423 4395
4867 1892
2881 6029
2589 4962
1000 4906
2197 2124
1004 577
5553 6285
5288 5500
4141 7722
1398 1041
7341 7598
7197 818
849 1400
5601 5581
6211 1060
7563 3750
2880 2184
1771 40
5012 5476
2468 32
3911 1883
7692 2508
428 1932
5619 6953
6078 4759
1035 522
7628 5231
4329 1739
3462 6789
2985 5007
5633 1961
1507 4220
2083 630
3259 5564
4421 2025
6515 4264
707 3715
1774 496
1273 3746
4477 4687
6422 708
5289 2450
3197 1009
518 4448
4223 3984
5622 7037
4273 5811
3434 7719
2391 3971
7845 1241
7412 4752
5471 3858
3623 5690
4065 1782
131 2646
7374 6555
1396 7091
5986 3055
4490 6079
5567 1400
3801 903
7270 5570
6369 5847
2962 3980
2289 278
23 7344
7183 5927
6257 1721
3849 1030
1094 1649
225 968
6244 5436
1248 5344
4414 5710
7002 3525
2330 2665
7297 6893
7656 5322
3568 6861
3218 7308
5490 5955
1235 6306
5877 6010
562 142
4510 1184
789 71
7857 4051
1547 6292
2170 3392
3423 1458
787 2310
7886 3744
4619 3008
6745 1321
4298 3800
2274 4953
4294 4285
3200 7087
2853 7237
6645 1133
6977 2343
5355 7764
1097 2984
608 4496
3028 140
4492 7239
349 4314
5880 5318
4005 2844
3611 3605
7823 1078
720 3159
1518 5647
3541 5047
1189 7414
6553 1968
2130 3194
4684 4375
1911 3408
2688 1876
1456 346
5515 6662
3242 3729
915 6818
7858 3962
3617 5279
3584 3493
4129 3708
4714 98
6354 1655
80 7130
6114 4184
2728 6565
2442 18
6830 3123
784 5277
1966 5374
6781 7546
4764 5531
3228 1810
6320 4775
1702 1600
4728 4
1078 3397
6219 1081
5097 180
4383 4699
2260 975
5530 4576
6942 7808
5875 7433
3311 3118
2745 1251
2611 6961
1806 4122
1921 2693
7661 5171
6829 5518
7553 3971
6237 5244
40 4532
4400 7707
1689 4666
336 191
6881 4566
5153 7716
5387 6107
891 4037
2287 7862
6469 6963
1669 3051
5648 2361
2802 1647
2912 6195
6882 7156
2347 1588
5320 4257
5187 2856
4783 7378
5813 6968
6209 4156
40 1243
4428 6674
1343 3363
1853 3821
329 3653
7378 7376
1852 3581
3261 633
7893 5145
1440 7704
2192 4035
5869 855
6011 3230
3071 2650
6993 1364
3178 6728
2720 614
4144 6099
6410 46
922 3884
7716 2302
4659 1086
7778 1497
4652 4348
6149 6853
4795 3783
286 6367
4274 1916
612 6022
1285 7471
1204 852
5529 5984
5549 6868
3243 4891
1912 480
4252 253
3057 286
3593 323
5015 5475
7174 1823
7889 4647
959 3668
3963 7806
2481 6161
7539 1886
5820 7318
7656 6260
1838 2696
1495 5803
3434 7051
7257 5168
2000 5991
6667 3467
2770 1648
650 3313
5050 3191
4487 7534
1293 7426
7685 6392
4400 7724
3702 3374
4982 1104
2219 2694
3289 6994
3196 4077
6863 3698
6605 2468
5324 5479
2704 2983
7210 490
6836 33
294 7420
5060 4396
2785 3244
7059 3162
33 3059
5841 3585
4939 7733
601 2196
4130 3547
1637 3738
2316 7831
2509 5530
2502 1515
1934 898
582 95
5407 2431
3936 719
6784 1750
5251 6233
5751 4523
7343 3600
5987 3755
6635 4352
2116 3335
7313 6332
3804 4690
2268 6908
4042 6584
98 7330
6553 1891
2640 4757
159 6241
6666 7772
897 6380
6548 5788
5218 608
4746 2068
908 5482
5143 1460
4982 5659
1489 7840
4265 2629
4090 1488
6313 5006
2492 6812
5638 7127
4211 1718
314 4493
3635 2323
418 311
122 2414
1691 1154
4253 7890
893 5881
7100 2754
1113 6237
7053 2881
3456 6353
7300 1701
592 2044
7274 5158
2789 648
3117 6412
1191 5675
4447 851
6615 2167
1069 3545
2430 583
5152 1113
5019 7825
7573 6658
1147 7340
4669 7897
4402 6611
3492 6838
1666 4276
6735 2862
4205 7285
2442 3573
2532 7372
3480 327
2426 7607
1209 7572
4867 4050
6158 3831
340 4353
4287 3284
1440 5715
3997 6221
2219 2822
7184 2532
3761 1655
819 4170
952 4370
717 5215
7591 4765
640 1716
1524 1077
5957 7389
2115 501
3173 3319
3119 1301
3850 7368
216 5577
6013 1924
4181 7794
6347 7292
3640 7552
7827 2995
3074 6403
3609 6149
5784 2179
1901 2108
7546 3312
2307 5074
3804 4145
7444 6635
7483 813
7618 2835
5359 5360
3706 4317
2805 6153
2463 6041
602 7385
6829 4910
5945 3532
4420 2478
230 1019
6646 7082
4267 7641
4231 4766
5705 7878
824 1941
4975 319
256 5222
6631 3517
4117 2227
1847 1510
6083 6273
5727 2109
4489 863
3646 2932
5130 7410
3818 5273
3471 6588
7354 2871
7408 279
6826 7300
3942 1188
6014 231
4265 925
4091 7602
4992 2581
125 3736
4679 3983
5490 3740
184 939
6658 518
843 3433
929 6067
4566 1854
5161 580
217 2531
685 6665
5507 6045
3869 2477
3169 6139
5928 5855
1328 1895
3850 5681
1156 385
6634 7199
1732 1064
4245 5352
947 4666
4723 1980
473 7634
2531 3864
6177 1654
6275 2799
7307 1641
4685 6372
33 1972
3763 2676
1383 6341
2221 7392
6455 5197
4331 3315
2176 4687
7384 2801
596 304
340 6809
1253 6990
5465 1394
3394 1497
2932 2665
6212 3518
5690 2386
6378 1484
6259 822
1230 3687
1988 3729
4903 4715
628 7006
1498 1211
5259 1998
3113 5841
3158 311
2280 2342
4069 2504
2808 7839
615 4499
1821 6537
5146 1211
1749 1489
1483 962
3348 4185
1189 6660
2988 748
6750 6674
6651 1998
2482 4135
3615 6281
1705 6705
6303 6974
4769 7858
2186 890
4727 89
4367 1382
4141 3688
2998 5321
5522 765
4116 302
3286 5803
4613 7163
2003 2781
6862 6629
7305 1374
2191 577
461 7319
1596 3182
5053 2662
4977 2352
148 2065
7527 2683
3243 6777
6034 2853
1710 7237
3442 5096
7497 1992
711 4696
668 1145
1991 2262
7299 7853
2243 1843
4882 3324
3744 7841
5641 3274
4238 3732
6931 5372
5925 3098
7346 1662
4670 2817
895 300
5897 4351
581 3684
685 1130
4958 4456
3556 1526
2736 6290
6266 4251
2664 2723
6296 3103
7007 6719
6390 5427
7626 5380
456 4184
2558 7635
2532 4010
1210 2960
1382 2004
4777 6696
4630 7040
4585 4126
1046 7493
522 282
1810 4215
792 6436
4407 1266
6261 4008
5689 5874
2774 6532
4252 5609
4279 3453
2105 5365
301 1798
3414 1092
4558 1785
5880 5860
3892 151
5815 3205
2384 4243
6297 6134
4646 7339
6103 2044
5078 3790
691 7000
854 5034
4818 6740
2063 6761
3769 5840
7629 7605
3776 2252
5443 6064
4500 7439
3001 3948
4458 773
626 2116
7253 4750
5204 4536
7221 4686
5889 6758
2663 4442
4154 567
3598 2100
6256 841
6288 4586
5810 1387
813 1272
6736 2755
430 1980
3917 311
3968 5662
5579 1760
3448 6460
531 834
3775 2259
1639 5550
7388 4994
2183 6375
4488 4551
3704 2869
619 463
1735 1905
4054 6572
3540 5380
6923 6515
6877 2371
7654 6051
5341 4641
1274 637
5347 5319
1523 4222
4218 5250
6902 4203
5768 4727
5397 5174
868 6424
5470 4628
5224 6745
3650 5750
5049 4280
2272 7541
3421 7746
6420 3190
4720 3799
1192 351
2188 1135
1961 3321
2388 3056
3630 570
7294 4666
4208 5427
3233 6668
1854 1779
1315 915
4973 400
5912 7876
1887 4497
7876 6576
3124 2378
1782 6802
3711 1208
5287 4055
6680 2845
5934 198
2817 111
3798 1521
130 4242
5984 6728
2811 5154
6504 3693
4039 1918
595 84
7845 7616
6473 1690
651 2464
5201 3926
7222 5762
1579 2762
674 7140
4293 4237
3709 34
1704 2933
3744 4208
1063 5482
7562 7743
6387 2566
4246 5901
5609 2046
1868 3605
4836 2796
5727 1529
3354 3800
7831 1570
3574 2451
388 4244
3513 5919
7402 6336
7412 7424
3308 5680
4650 22
4230 3201
2801 6086
1357 4535
5054 387
7129 5743
1003 3822
2725 5935
1495 6354
3683 7748
2419 3433
3780 1344
1693 1299
320 2299
5922 6943
2366 3316
2076 1220
3114 610
3585 2659
5664 4891
7827 7497
1347 2469
4796 2046
180 5564
1522 2625
5373 446
3972 3141
5214 7854
5334 3488
5114 2016
5457 4514
6209 7023
1757 6292
2777 1216
3497 5191
6568 6364
1179 2505
5899 652
6927 5664
1156 3994
5853 838
3596 514
5940 2056
1685 1474
1121 1923
4472 3760
7314 3982
1303 3122
7591 5242
5741 4139
6964 1012
6219 3784
6231 7468
1377 5554
4198 2509
1256 5406
1924 1433
6882 1370
6142 6281
6716 6718
2030 4606
5479 4805
4386 5881
3131 3060
5958 6930
7338 5574
4930 5989
7615 6187
4050 3279
4764 4973
1534 2290
4695 1158
714 5834
155 3500
6563 1615
4847 1430
1591 7596
2101 6990
676 4833
7351 7520
5760 154
2958 881
4754 3311
7820 4279
1414 2877
7765 7062
7485 599
5476 4255
5222 276
7164 6960
1897 5228
579 1578
1430 7677
4888 1021
682 3438
7041 5604
1016 68
868 4293
844 6146
5950 5717
7526 1791
3627 7443
7314 4224
1326 4890
1986 134
7010 3149
6564 4522
3860 4871
5601 7061
4379 2977
4535 2898
5583 6213
2357 5538
4432 6611
4732 1695
5866 7437
1199 1176
4098 5562
704 3924
1565 1080
6172 3386
3411 324
7047 4799
3986 1547
7540 120
996 4565
1059 1422
2891 5380
7884 1200
5400 5048
6416 6467
2739 6260
6757 525
1714 5717
4990 3073
6168 5481
3759 5295
3614 3851
574 6275
7685 4015
5476 5735
32 704
3571 3332
6579 3267
3820 3060
1561 1646
7552 538
5538 7611
2575 2656
5734 7062
4401 7330
5978 3343
1568 53
2692 3920
6425 518
242 6734
7211 1924
5453 7490
3940 4282
471 6913
5189 6621
5383 6115
7648 5062
5990 6572
25 3274
4865 7697
7108 2196
2830 6292
5390 1391
3262 5198
5641 6422
3571 980
6927 711
5997 6817
3588 6444
4572 6480
668 5817
7729 7179
1609 2432
7771 2708
3511 532
2676 1209
7708 6862
1539 3715
416 5512
140 4639
1267 6246
2939 5420
3551 5579
3949 4647
6827 6335
4577 1864
2264 167
3893 1023
1006 2630
1144 6430
1446 4045
7516 3030
2291 7291
6382 4466
2071 923
4759 1929
1912 2861
6012 5209
1081 1229
2923 7324
4170 6358
2449 4505
4316 2270
585 4284
3287 4525
6225 123
3648 417
904 4614
212 3449
788 5082
6316 808
2750 2617
1150 3625
2944 6687
7552 854
1063 167
4562 1165
3595 3069
6241 5109
3503 6617
2347 3294
1084 5615
5560 615
6053 1765
4266 133
1621 6476
6444 2370
4145 988
314 4893
3603 5446
2905 5571
4517 873
707 2670
2853 4113
3522 1766
5955 3737
7226 1448
853 2764
45 7590
6351 7872
6003 1236
6498 2058
4836 4729
2415 3581
3504 4740
2466 1597
3764 2999
4676 7071
1153 4363
6868 1386
818 632
232 4449
145 7394
1079 4815
4486 1192
2487 5526
2884 5144
1856 4500
1190 6135
2817 1900
6939 5271
2528 884
90 6635
618 6709
5067 3005
3970 2479
4465 5357
7140 3804
6860 6691
3167 1102
1255 2931
3921 7444
7653 2329
2755 3269
6137 1717
195 1335
7012 3116
3511 4902
4414 6919
430 1725
1062 1374
5024 4373
4444 7038
3302 5804
5468 5274
5617 3410
179 2021
7767 6359
2048 2527
3845 1523
6704 414
5258 1861
3979 4083
1449 5579
7465 6792
3472 2407
5204 2553
790 2753
1857 2392
1677 6298
350 1260
7331 3513
4648 2827
1676 5705
7760 4298
190 817
4185 2050
5859 1202
1581 6472
2298 7099
6395 3054
4234 1989
5934 4168
697 4539
6159 165
677 394
5135 6801
4472 2455
6534 3380
5546 4030
6049 6172
6575 7742
3396 206
284 3826
6434 4156
1473 4839
3927 4934
5116 4202
2133 7469
7162 3303
6341 1631
806 3703
5942 6614
4339 5618
7256 4860
769 6298
168 4338
7686 508
5580 6873
38 98
343 502
2866 679
3888 1468
1128 964
4530 1194
584 5429
2962 944
2316 1024
4872 2432
5150 4638
2329 6408
4401 6647
7085 1275
1114 5683
4923 5552
289 741
82 4997
6313 3274
89 2690
2523 6921
3961 1818
2498 7115
2581 7472
2799 1969
2387 4947
6607 4306
6968 6983
317 5324
2671 7162
7503 667
1480 3708
4568 5333
2110 7457
6720 323
7170 47
6381 1683
4443 6026
4841 953
3320 5447
2941 2998
770 7352
1136 5465
4078 1378
717 2279
1713 3043
3177 2377
4699 1886
7240 5004
6177 2846
3835 7486
6636 1754
1033 6472
1818 7524
5036 1070
6783 1463
143 3707
1456 7518
4531 4037
2791 3684
2251 283
3053 4574
3196 4493
3879 5253
7363 774
7157 5136
2034 531
5693 6626
7115 2369
7157 6781
3374 5566
368 1582
5618 4119
7049 5939
3572 5491
5373 3034
2615 1632
1418 3230
6889 440
4327 4512
150 2025
2852 85
4196 4781
170 5983
6878 1312
2747 7503
7701 6182
1676 3511
7401 2746
6798 776
1941 7437
6081 6436
1002 57
1788 6146
5287 125
1852 6135
3492 2334
4841 4931
1818 4191
7068 2033
7438 6037
56 7745
1818 2117
1162 3506
6986 2561
4287 1800
1629 6627
131 4301
7854 1049
5278 7008
2228 2699
6059 4365
4290 7311
4616 7644
4874 3576
7423 7629
5571 7104
5675 4633
6669 6883
6803 1499
6104 7734
4576 7184
6267 4440
6408 5976
1372 2074
5242 4733
6582 1882
4237 5824
4135 6563
2156 1844
7190 4470
3732 6286
5371 7276
4774 6560
3783 3692
902 3068
5714 3169
1318 7057
5926 3655
392 7141
1473 4505
6212 1614
5347 6087
7446 6415
1521 594
6789 2450
7295 187
1543 1321
942 6066
4095 1755
4758 7847
5054 1066
4761 3393
823 6809
7129 3205
3218 3809
4470 7481
4742 1561
5029 6230
4533 6535
174 7809
3492 6986
2618 4293
2466 860
7855 1352
4471 105
6979 2413
986 3448
4248 6563
4605 1839
5305 5605
4949 6769
3249 156
7656 5312
6890 5135
809 2703
3940 3389
3289 2971
1178 2247
5863 488
649 3695
5025 2110
2385 4444
1793 1323
4740 725
7669 4596
6237 6927
7552 587
6279 5138
7463 6766
5542 4789
7361 17
1871 4179
7783 6107
2785 3077
1711 3474
633 6822
180 3691
5699 2028
1957 5604
2589 5221
7399 7636
7536 4360
6003 605
280 7305
5130 7353
7324 4217
2031 6394
3153 3949
1492 4677
6000 7587
6121 4181
5423 7167
1367 7894
5221 1361
5266 1097
5011 5256
2605 5409
4338 562
7338 636
3432 5516
6765 3859
1221 5843
1086 654
5969 2900
6527 1681
4013 4472
5276 7391
3009 4034
1359 7509
6909 777
1644 4840
199 7286
3905 4158
39 3686
2583 128
1538 2741
1203 105
6738 4839
5110 4475
7113 2410
102 3796
7127 5112
2300 519
4658 5069
208 2444
5302 5901
365 2070
7586 5402
4526 2325
1271 3239
2087 6850
2006 5028
1250 6046
1752 5772
6716 5458
2662 3972
1868 6918
1018 1710
5045 7464
3781 5472
2481 7045
688 1647
7019 4220
4485 6147
1074 5545
2686 7672
7647 1510
3442 2346
637 2710
958 1035
2155 6642
3577 3998
1769 2884
759 7136
3022 6822
5340 5022
5612 1810
1644 760
2515 1008
6162 5715
6665 3871
6145 5521
1279 2183
1548 6313
6476 7520
2827 3511
3084 4942
3555 7560
1208 6456
6237 891
4058 7569
7352 4224
1722 7772
3914 226
2414 3120
2614 7585
2765 1730
7568 5217
536 5029
7452 4553
4400 7782
1652 7197
7487 5899
138 44
5392 4172
644 2485
7553 3346
7728 2391
4698 1313
5414 3408
11 5663
5047 7043
3180 6909
2546 639
5265 6208
6951 2549
6749 2212
5467 7829
1732 467
4633 7328
2087 3860
7336 3902
1917 1195
372 2430
2411 318
748 2013
415 4059
7527 2154
1430 2859
7228 6577
5926 480
7629 1772
2388 4598
3677 2854
3628 5145
6991 859
5307 5310
6243 3431
3217 5392
5714 7192
6900 6872
4817 6537
1180 1632
6157 1840
4342 5200
1729 4406
3442 5501
6527 2974
2740 2185
5496 218
3580 453
6476 1625
2907 6104
6031 2124
6224 4287
4169 2677
1237 4716
241 6875
1823 4194
1115 5526
3432 5887
2666 5384
3524 3925
1272 6234
4900 2855
7649 4454
7021 5920
6041 7457
2729 6431
2951 3017
3454 1529
5054 4317
522 4707
1844 217
1193 4004
465 1916
1137 4855
6706 1365
7748 4179
2999 320
28 3832
2687 520
4861 4107
2262 5750
111 4959
3667 6486
2846 5039
216 1195
4505 596
5885 430
555 3291
3048 4452
1361 1506
5943 1295
2365 1895
1693 7744
4103 717
7512 4628
6300 2481
1807 6295
6610 1181
2081 4036
148 83
4100 1827
5605 7800
96 4762
7618 642
5926 2005
373 4897
5617 5011
5573 3796
7688 5856
1514 4759
302 4184
5989 6610
4780 539
3786 4826
2488 2493
2318 6015
3523 5526
6106 3201
5426 170
7331 3121
905 7327
6266 4101
5770 6875
2579 3178
2967 6525
1200 5323
2269 164
2018 2877
4207 7179
2231 4152
1899 3783
7647 2235
1010 3007
43 3573
3053 4364
6865 1819
303 5628
564 6192
2304 6180
402 6165
6990 6635
4097 5726
2006 3388
3553 6392
6734 7423
350 4606
6258 1233
5330 4680
549 4224
262 4506
517 3094
6652 7219
826 674
1895 851
17 5369
2379 1464
2908 6354
7232 3015
1783 1752
3444 7786
3178 3787
920 5153
5989 3561
163 937
951 7327
3899 1125
